14.347985 23.218864 836.826923 2.793040 20.575392
14.347985 23.218864 836.826923 2.793040 20.576781
14.347985 23.218864 836.826923 2.793040 20.578170
14.347985 23.218864 836.826923 2.793040 20.579559
14.347985 23.218864 836.826923 2.793040 20.580948
14.347985 23.218864 836.826923 2.793040 20.582337
14.347985 23.218864 836.826923 2.793040 20.583726
14.347985 23.218864 836.826923 2.793040 20.585115
14.347985 23.218864 836.826923 2.793040 20.586505
14.358059 23.208181 836.895604 2.793040 20.587894
14.358059 23.208181 836.895604 2.793040 20.589283
14.358059 23.208181 836.895604 2.793040 20.590671
14.358059 23.208181 836.895604 2.793040 20.592060
14.358059 23.208181 836.895604 2.793040 20.593449
14.358059 23.208181 836.895604 2.793040 20.594838
14.358059 23.208181 836.895604 2.793040 20.596227
14.358059 23.208181 836.895604 2.793040 20.597616
14.358059 23.208181 836.895604 2.793040 20.599005
14.358059 23.208181 836.895604 2.793040 20.600394
14.358059 23.208181 836.895604 2.793040 20.601783
14.358059 23.208181 836.895604 2.793040 20.603171
14.358059 23.191392 836.909341 2.793040 20.604560
14.358059 23.191392 836.909341 2.793040 20.605949
14.358059 23.191392 836.909341 2.793040 20.607338
14.358059 23.191392 836.909341 2.793040 20.608727
14.358059 23.191392 836.909341 2.793040 20.610116
14.358059 23.191392 836.909341 2.793040 20.611505
14.358059 23.191392 836.909341 2.793040 20.612894
14.358059 23.191392 836.909341 2.793040 20.614283
14.358059 23.191392 836.909341 2.793040 20.615671
14.358059 23.191392 836.909341 2.793040 20.617060
14.358059 23.191392 836.909341 2.793040 20.618449
14.358059 23.191392 836.909341 2.793040 20.619838
14.358059 23.185287 836.950549 2.793040 20.621227
14.358059 23.185287 836.950549 2.793040 20.622616
14.358059 23.185287 836.950549 2.793040 20.624005
14.358059 23.185287 836.950549 2.793040 20.625394
14.358059 23.185287 836.950549 2.793040 20.626783
14.358059 23.185287 836.950549 2.793040 20.628171
14.358059 23.185287 836.950549 2.793040 20.629560
14.358059 23.185287 836.950549 2.793040 20.630949
14.358059 23.185287 836.950549 2.793040 20.632338
14.358059 23.185287 836.950549 2.793040 20.633727
14.358059 23.185287 836.950549 2.793040 20.635116
14.358059 23.185287 836.950549 2.793040 20.636505
14.369811 23.215812 836.991758 2.793040 20.637894
14.369811 23.215812 836.991758 2.793040 20.639283
14.369811 23.215812 836.991758 2.793040 20.640671
14.369811 23.215812 836.991758 2.793040 20.642060
14.369811 23.215812 836.991758 2.793040 20.643449
14.369811 23.215812 836.991758 2.793040 20.644838
14.369811 23.215812 836.991758 2.793040 20.646227
14.369811 23.215812 836.991758 2.793040 20.647616
14.369811 23.215812 836.991758 2.793040 20.649005
14.369811 23.215812 836.991758 2.793040 20.650394
14.369811 23.215812 836.991758 2.793040 20.651783
14.369811 23.215812 836.991758 2.793040 20.653171
14.383242 23.197497 837.060440 2.793040 20.654560
14.383242 23.197497 837.060440 2.793040 20.655949
14.383242 23.197497 837.060440 2.793040 20.657338
14.383242 23.197497 837.060440 2.793040 20.658727
14.383242 23.197497 837.060440 2.793040 20.660116
14.383242 23.197497 837.060440 2.793040 20.661505
14.383242 23.197497 837.060440 2.793040 20.662894
14.383242 23.197497 837.060440 2.793040 20.664283
14.383242 23.197497 837.060440 2.793040 20.665671
14.383242 23.197497 837.060440 2.793040 20.667060
14.383242 23.197497 837.060440 2.793040 20.668449
14.383242 23.197497 837.060440 2.793040 20.669838
14.391636 23.211233 837.074176 2.793040 20.671227
14.391636 23.211233 837.074176 2.793040 20.672616
14.391636 23.211233 837.074176 2.793040 20.674005
14.391636 23.211233 837.074176 2.793040 20.675394
14.391636 23.211233 837.074176 2.793040 20.676783
14.391636 23.211233 837.074176 2.793040 20.678171
14.391636 23.211233 837.074176 2.793040 20.679560
14.391636 23.211233 837.074176 2.793040 20.680949
14.391636 23.211233 837.074176 2.793040 20.682338
14.391636 23.211233 837.074176 2.793040 20.683727
14.391636 23.211233 837.074176 2.793040 20.685116
14.391636 23.211233 837.074176 2.793040 20.686505
14.413462 23.199023 837.129121 2.793040 20.687894
14.413462 23.199023 837.129121 2.793040 20.689283
14.413462 23.199023 837.129121 2.793040 20.690671
14.413462 23.199023 837.129121 2.793040 20.692060
14.413462 23.199023 837.129121 2.793040 20.693449
14.413462 23.199023 837.129121 2.793040 20.694838
14.413462 23.199023 837.129121 2.793040 20.696227
14.413462 23.199023 837.129121 2.793040 20.697616
14.413462 23.199023 837.129121 2.793040 20.699005
14.413462 23.199023 837.129121 2.793040 20.700394
14.413462 23.199023 837.129121 2.793040 20.701783
14.413462 23.199023 837.129121 2.793040 20.703171
14.467186 23.144078 837.170330 2.793040 20.704560
14.467186 23.144078 837.170330 2.793040 20.705949
14.467186 23.144078 837.170330 2.793040 20.707338
14.467186 23.144078 837.170330 2.793040 20.708727
14.467186 23.144078 837.170330 2.793040 20.710116
14.467186 23.144078 837.170330 2.793040 20.711505
14.467186 23.144078 837.170330 2.793040 20.712894
14.467186 23.144078 837.170330 2.793040 20.714283
14.467186 23.144078 837.170330 2.793040 20.715671
14.467186 23.144078 837.170330 2.793040 20.717060
14.467186 23.144078 837.170330 2.793040 20.718449
14.467186 23.144078 837.170330 2.793040 20.719838
14.509158 23.076923 837.184066 2.793040 20.721227
14.509158 23.076923 837.184066 2.793040 20.722616
14.509158 23.076923 837.184066 2.793040 20.724005
14.509158 23.076923 837.184066 2.793040 20.725394
14.509158 23.076923 837.184066 2.793040 20.726783
14.509158 23.076923 837.184066 2.793040 20.728171
14.509158 23.076923 837.184066 2.793040 20.729560
14.509158 23.076923 837.184066 2.793040 20.730949
14.509158 23.076923 837.184066 2.793040 20.732338
14.509158 23.076923 837.184066 2.793040 20.733727
14.509158 23.076923 837.184066 2.793040 20.735116
14.509158 23.076923 837.184066 2.793040 20.736505
14.562882 23.017399 837.225275 2.808303 20.737894
14.562882 23.017399 837.225275 2.808303 20.739283
14.562882 23.017399 837.225275 2.808303 20.740671
14.562882 23.017399 837.225275 2.808303 20.742060
14.562882 23.017399 837.225275 2.808303 20.743449
14.562882 23.017399 837.225275 2.808303 20.744838
14.562882 23.017399 837.225275 2.808303 20.746227
14.562882 23.017399 837.225275 2.808303 20.747616
14.562882 23.017399 837.225275 2.808303 20.749005
14.562882 23.017399 837.225275 2.808303 20.750394
14.562882 23.017399 837.225275 2.808303 20.751783
14.562882 23.017399 837.225275 2.808303 20.753171
14.628358 22.939560 837.252747 2.808303 20.754560
14.628358 22.939560 837.252747 2.808303 20.755949
14.628358 22.939560 837.252747 2.808303 20.757338
14.628358 22.939560 837.252747 2.808303 20.758727
14.628358 22.939560 837.252747 2.808303 20.760116
14.628358 22.939560 837.252747 2.808303 20.761505
14.628358 22.939560 837.252747 2.808303 20.762894
14.628358 22.939560 837.252747 2.808303 20.764283
14.628358 22.939560 837.252747 2.808303 20.765671
14.628358 22.939560 837.252747 2.808303 20.767060
14.628358 22.939560 837.252747 2.808303 20.768449
14.628358 22.939560 837.252747 2.808303 20.769838
14.702228 22.846459 837.293956 2.808303 20.771227
14.702228 22.846459 837.293956 2.808303 20.772616
14.702228 22.846459 837.293956 2.808303 20.774005
14.702228 22.846459 837.293956 2.808303 20.775394
14.702228 22.846459 837.293956 2.808303 20.776783
14.702228 22.846459 837.293956 2.808303 20.778171
14.702228 22.846459 837.293956 2.808303 20.779560
14.702228 22.846459 837.293956 2.808303 20.780949
14.702228 22.846459 837.293956 2.808303 20.782338
14.702228 22.846459 837.293956 2.808303 20.783727
14.702228 22.846459 837.293956 2.808303 20.785116
14.702228 22.846459 837.293956 2.808303 20.786505
14.766026 22.811355 837.321429 2.808303 20.787894
14.766026 22.811355 837.321429 2.808303 20.789283
14.766026 22.811355 837.321429 2.808303 20.790671
14.766026 22.811355 837.321429 2.808303 20.792060
14.766026 22.811355 837.321429 2.808303 20.793449
14.766026 22.811355 837.321429 2.808303 20.794838
14.766026 22.811355 837.321429 2.808303 20.796227
14.766026 22.811355 837.321429 2.808303 20.797616
14.766026 22.811355 837.321429 2.808303 20.799005
14.766026 22.811355 837.321429 2.808303 20.800394
14.766026 22.811355 837.321429 2.808303 20.801783
14.766026 22.811355 837.321429 2.808303 20.803171
14.807998 22.731990 837.348901 2.808303 20.804560
14.807998 22.731990 837.348901 2.808303 20.805949
14.807998 22.731990 837.348901 2.808303 20.807338
14.807998 22.731990 837.348901 2.808303 20.808727
14.807998 22.731990 837.348901 2.808303 20.810116
14.807998 22.731990 837.348901 2.808303 20.811505
14.807998 22.731990 837.348901 2.808303 20.812894
14.807998 22.731990 837.348901 2.808303 20.814283
14.807998 22.731990 837.348901 2.808303 20.815671
14.807998 22.731990 837.348901 2.808303 20.817060
14.807998 22.731990 837.348901 2.808303 20.818449
14.807998 22.731990 837.348901 2.808303 20.819838
14.846612 22.728938 837.348901 2.808303 20.821227
14.846612 22.728938 837.348901 2.808303 20.822616
14.846612 22.728938 837.348901 2.808303 20.824005
14.846612 22.728938 837.348901 2.808303 20.825394
14.846612 22.728938 837.348901 2.808303 20.826783
14.846612 22.728938 837.348901 2.808303 20.828171
14.846612 22.728938 837.348901 2.808303 20.829560
14.846612 22.728938 837.348901 2.808303 20.830949
14.846612 22.728938 837.348901 2.808303 20.832338
14.846612 22.728938 837.348901 2.808303 20.833727
14.846612 22.728938 837.348901 2.808303 20.835116
14.846612 22.728938 837.348901 2.808303 20.836505
14.885226 22.756410 837.362637 2.808303 20.837894
14.885226 22.756410 837.362637 2.808303 20.839283
14.885226 22.756410 837.362637 2.808303 20.840671
14.885226 22.756410 837.362637 2.808303 20.842060
14.885226 22.756410 837.362637 2.808303 20.843449
14.885226 22.756410 837.362637 2.808303 20.844838
14.885226 22.756410 837.362637 2.808303 20.846227
14.885226 22.756410 837.362637 2.808303 20.847616
14.885226 22.756410 837.362637 2.808303 20.849005
14.885226 22.756410 837.362637 2.808303 20.850394
14.885226 22.756410 837.362637 2.808303 20.851783
14.885226 22.756410 837.362637 2.808303 20.853171
14.895299 22.796093 837.362637 2.808303 20.854560
14.895299 22.796093 837.362637 2.808303 20.855949
14.895299 22.796093 837.362637 2.808303 20.857338
14.895299 22.796093 837.362637 2.808303 20.858727
14.895299 22.796093 837.362637 2.808303 20.860116
14.895299 22.796093 837.362637 2.808303 20.861505
14.895299 22.796093 837.362637 2.808303 20.862894
14.895299 22.796093 837.362637 2.808303 20.864283
14.895299 22.796093 837.362637 2.808303 20.865671
14.895299 22.796093 837.362637 2.808303 20.867060
14.895299 22.796093 837.362637 2.808303 20.868449
14.895299 22.796093 837.362637 2.808303 20.869838
14.885226 22.843407 837.348901 2.808303 20.871227
14.885226 22.843407 837.348901 2.808303 20.872616
14.885226 22.843407 837.348901 2.808303 20.874005
14.885226 22.843407 837.348901 2.808303 20.875394
14.885226 22.843407 837.348901 2.808303 20.876783
14.885226 22.843407 837.348901 2.808303 20.878171
14.885226 22.843407 837.348901 2.808303 20.879560
14.885226 22.843407 837.348901 2.808303 20.880949
14.885226 22.843407 837.348901 2.808303 20.882338
14.885226 22.843407 837.348901 2.808303 20.883727
14.885226 22.843407 837.348901 2.808303 20.885116
14.885226 22.843407 837.348901 2.808303 20.886505
14.895299 22.880037 837.348901 2.823565 20.887894
14.895299 22.880037 837.348901 2.823565 20.889283
14.895299 22.880037 837.348901 2.823565 20.890671
14.895299 22.880037 837.348901 2.823565 20.892060
14.895299 22.880037 837.348901 2.823565 20.893449
14.895299 22.880037 837.348901 2.823565 20.894838
14.895299 22.880037 837.348901 2.823565 20.896227
14.895299 22.880037 837.348901 2.823565 20.897616
14.895299 22.880037 837.348901 2.823565 20.899005
14.895299 22.880037 837.348901 2.823565 20.900394
14.895299 22.880037 837.348901 2.823565 20.901783
14.895299 22.880037 837.348901 2.823565 20.903171
14.915446 22.907509 837.335165 2.838828 20.904560
14.915446 22.907509 837.335165 2.838828 20.905949
14.915446 22.907509 837.335165 2.838828 20.907338
14.915446 22.907509 837.335165 2.838828 20.908727
14.915446 22.907509 837.335165 2.838828 20.910116
14.915446 22.907509 837.335165 2.838828 20.911505
14.915446 22.907509 837.335165 2.838828 20.912894
14.915446 22.907509 837.335165 2.838828 20.914283
14.915446 22.907509 837.335165 2.838828 20.915671
14.915446 22.907509 837.335165 2.838828 20.917060
14.915446 22.907509 837.335165 2.838828 20.918449
14.915446 22.907509 837.335165 2.838828 20.919838
14.945665 22.954823 837.321429 2.869353 20.921227
14.945665 22.954823 837.321429 2.869353 20.922616
14.945665 22.954823 837.321429 2.869353 20.924005
14.945665 22.954823 837.321429 2.869353 20.925394
14.945665 22.954823 837.321429 2.869353 20.926783
14.945665 22.954823 837.321429 2.869353 20.928171
14.945665 22.954823 837.321429 2.869353 20.929560
14.945665 22.954823 837.321429 2.869353 20.930949
14.945665 22.954823 837.321429 2.869353 20.932338
14.945665 22.954823 837.321429 2.869353 20.933727
14.945665 22.954823 837.321429 2.869353 20.935116
14.945665 22.954823 837.321429 2.869353 20.936505
14.979243 22.970085 837.307692 2.869353 20.937894
14.979243 22.970085 837.307692 2.869353 20.939283
14.979243 22.970085 837.307692 2.869353 20.940671
14.979243 22.970085 837.307692 2.869353 20.942060
14.979243 22.970085 837.307692 2.869353 20.943449
14.979243 22.970085 837.307692 2.869353 20.944838
14.979243 22.970085 837.307692 2.869353 20.946227
14.979243 22.970085 837.307692 2.869353 20.947616
14.979243 22.970085 837.307692 2.869353 20.949005
14.979243 22.970085 837.307692 2.869353 20.950394
14.979243 22.970085 837.307692 2.869353 20.951783
14.979243 22.970085 837.307692 2.869353 20.953171
15.031288 22.846459 837.321429 2.869353 20.954560
15.031288 22.846459 837.321429 2.869353 20.955949
15.031288 22.846459 837.321429 2.869353 20.957338
15.031288 22.846459 837.321429 2.869353 20.958727
15.031288 22.846459 837.321429 2.869353 20.960116
15.031288 22.846459 837.321429 2.869353 20.961505
15.031288 22.846459 837.321429 2.869353 20.962907
15.031288 22.846459 837.321429 2.869353 20.964296
15.031288 22.846459 837.321429 2.869353 20.965685
15.031288 22.846459 837.321429 2.869353 20.967074
15.031288 22.846459 837.321429 2.869353 20.968463
15.031288 22.846459 837.321429 2.869353 20.969852
15.061508 22.745726 837.321429 2.808303 20.971241
15.061508 22.745726 837.321429 2.808303 20.972630
15.061508 22.745726 837.321429 2.808303 20.974018
15.061508 22.745726 837.321429 2.808303 20.975407
15.061508 22.745726 837.321429 2.808303 20.976796
15.061508 22.745726 837.321429 2.808303 20.978185
15.061508 22.745726 837.321429 2.808303 20.979574
15.061508 22.745726 837.321429 2.808303 20.980963
15.061508 22.745726 837.321429 2.808303 20.982352
15.061508 22.745726 837.321429 2.808303 20.983741
15.061508 22.745726 837.321429 2.808303 20.985130
15.061508 22.745726 837.321429 2.808303 20.986518
15.079976 22.677045 837.307692 2.808303 20.987907
15.079976 22.677045 837.307692 2.808303 20.989296
15.079976 22.677045 837.307692 2.808303 20.990685
15.079976 22.677045 837.307692 2.808303 20.992074
15.079976 22.677045 837.307692 2.808303 20.993463
15.079976 22.677045 837.307692 2.808303 20.994852
15.079976 22.677045 837.307692 2.808303 20.996241
15.079976 22.677045 837.307692 2.808303 20.997630
15.079976 22.677045 837.307692 2.808303 20.999018
15.079976 22.677045 837.307692 2.808303 21.000407
15.079976 22.677045 837.307692 2.808303 21.001796
15.079976 22.677045 837.307692 2.808303 21.003185
15.103480 22.628205 837.307692 2.808303 21.004574
15.103480 22.628205 837.307692 2.808303 21.005963
15.103480 22.628205 837.307692 2.808303 21.007352
15.103480 22.628205 837.307692 2.808303 21.008741
15.103480 22.628205 837.307692 2.808303 21.010130
15.103480 22.628205 837.307692 2.808303 21.011518
15.103480 22.628205 837.307692 2.808303 21.012907
15.103480 22.628205 837.307692 2.808303 21.014296
15.103480 22.628205 837.307692 2.808303 21.015685
15.103480 22.628205 837.307692 2.808303 21.017074
15.103480 22.628205 837.307692 2.808303 21.018463
15.103480 22.628205 837.307692 2.808303 21.019852
15.133700 22.541209 837.293956 2.808303 21.021241
15.133700 22.541209 837.293956 2.808303 21.022630
15.133700 22.541209 837.293956 2.808303 21.024018
15.133700 22.541209 837.293956 2.808303 21.025407
15.133700 22.541209 837.293956 2.808303 21.026796
15.133700 22.541209 837.293956 2.808303 21.028185
15.133700 22.541209 837.293956 2.808303 21.029574
15.133700 22.541209 837.293956 2.808303 21.030963
15.133700 22.541209 837.293956 2.808303 21.032352
15.133700 22.541209 837.293956 2.808303 21.033741
15.133700 22.541209 837.293956 2.808303 21.035130
15.133700 22.541209 837.293956 2.808303 21.036518
15.175672 22.538156 837.293956 2.808303 21.037907
15.175672 22.538156 837.293956 2.808303 21.039296
15.175672 22.538156 837.293956 2.808303 21.040685
15.175672 22.538156 837.293956 2.808303 21.042074
15.175672 22.538156 837.293956 2.808303 21.043463
15.175672 22.538156 837.293956 2.808303 21.044852
15.175672 22.538156 837.293956 2.808303 21.046241
15.175672 22.538156 837.293956 2.808303 21.047630
15.175672 22.538156 837.293956 2.808303 21.049018
15.175672 22.538156 837.293956 2.808303 21.050407
15.175672 22.538156 837.293956 2.808303 21.051796
15.175672 22.538156 837.293956 2.808303 21.053185
15.200855 22.454212 837.293956 2.808303 21.054574
15.200855 22.454212 837.293956 2.808303 21.055963
15.200855 22.454212 837.293956 2.808303 21.057352
15.200855 22.454212 837.293956 2.808303 21.058741
15.200855 22.454212 837.293956 2.808303 21.060130
15.200855 22.454212 837.293956 2.808303 21.061518
15.200855 22.454212 837.293956 2.808303 21.062907
15.200855 22.454212 837.293956 2.808303 21.064296
15.200855 22.454212 837.293956 2.808303 21.065685
15.200855 22.454212 837.293956 2.808303 21.067074
15.200855 22.454212 837.293956 2.808303 21.068463
15.200855 22.454212 837.293956 2.808303 21.069852
15.207570 22.371795 837.307692 2.808303 21.071241
15.207570 22.371795 837.307692 2.808303 21.072630
15.207570 22.371795 837.307692 2.808303 21.074018
15.207570 22.371795 837.307692 2.808303 21.075407
15.207570 22.371795 837.307692 2.808303 21.076796
15.207570 22.371795 837.307692 2.808303 21.078185
15.207570 22.371795 837.307692 2.808303 21.079574
15.207570 22.371795 837.307692 2.808303 21.080963
15.207570 22.371795 837.307692 2.808303 21.082352
15.207570 22.371795 837.307692 2.808303 21.083741
15.207570 22.371795 837.307692 2.808303 21.085130
15.207570 22.371795 837.307692 2.808303 21.086518
15.189103 22.271062 837.307692 2.793040 21.087907
15.189103 22.271062 837.307692 2.793040 21.089296
15.189103 22.271062 837.307692 2.793040 21.090685
15.189103 22.271062 837.307692 2.793040 21.092074
15.189103 22.271062 837.307692 2.793040 21.093463
15.189103 22.271062 837.307692 2.793040 21.094852
15.189103 22.271062 837.307692 2.793040 21.096241
15.189103 22.271062 837.307692 2.793040 21.097630
15.189103 22.271062 837.307692 2.793040 21.099018
15.189103 22.271062 837.307692 2.793040 21.100407
15.189103 22.271062 837.307692 2.793040 21.101796
15.189103 22.271062 837.307692 2.793040 21.103185
15.155525 22.239011 837.307692 2.793040 21.104574
15.155525 22.239011 837.307692 2.793040 21.105963
15.155525 22.239011 837.307692 2.793040 21.107352
15.155525 22.239011 837.307692 2.793040 21.108741
15.155525 22.239011 837.307692 2.793040 21.110130
15.155525 22.239011 837.307692 2.793040 21.111518
15.155525 22.239011 837.307692 2.793040 21.112907
15.155525 22.239011 837.307692 2.793040 21.114296
15.155525 22.239011 837.307692 2.793040 21.115685
15.155525 22.239011 837.307692 2.793040 21.117074
15.155525 22.239011 837.307692 2.793040 21.118463
15.155525 22.239011 837.307692 2.793040 21.119852
15.103480 22.336691 837.266484 2.793040 21.121241
15.103480 22.336691 837.266484 2.793040 21.122630
15.103480 22.336691 837.266484 2.793040 21.124018
15.103480 22.336691 837.266484 2.793040 21.125407
15.103480 22.336691 837.266484 2.793040 21.126796
15.103480 22.336691 837.266484 2.793040 21.128185
15.103480 22.336691 837.266484 2.793040 21.129574
15.103480 22.336691 837.266484 2.793040 21.130963
15.103480 22.336691 837.266484 2.793040 21.132352
15.103480 22.336691 837.266484 2.793040 21.133741
15.103480 22.336691 837.266484 2.793040 21.135130
15.103480 22.336691 837.266484 2.793040 21.136518
15.085012 22.434371 837.280220 2.793040 21.137907
15.085012 22.434371 837.280220 2.793040 21.139296
15.085012 22.434371 837.280220 2.793040 21.140685
15.085012 22.434371 837.280220 2.793040 21.142074
15.085012 22.434371 837.280220 2.793040 21.143463
15.085012 22.434371 837.280220 2.793040 21.144852
15.085012 22.434371 837.280220 2.793040 21.146241
15.085012 22.434371 837.280220 2.793040 21.147630
15.085012 22.434371 837.280220 2.793040 21.149018
15.085012 22.434371 837.280220 2.793040 21.150407
15.085012 22.434371 837.280220 2.793040 21.151796
15.085012 22.434371 837.280220 2.793040 21.153185
15.074939 22.455739 837.293956 2.793040 21.154574
15.074939 22.455739 837.293956 2.793040 21.155963
15.074939 22.455739 837.293956 2.793040 21.157352
15.074939 22.455739 837.293956 2.793040 21.158741
15.074939 22.455739 837.293956 2.793040 21.160130
15.074939 22.455739 837.293956 2.793040 21.161518
15.074939 22.455739 837.293956 2.793040 21.162907
15.074939 22.455739 837.293956 2.793040 21.164296
15.074939 22.455739 837.293956 2.793040 21.165685
15.074939 22.455739 837.293956 2.793040 21.167074
15.074939 22.455739 837.293956 2.793040 21.168463
15.074939 22.455739 837.293956 2.793040 21.169852
15.056471 22.406899 837.293956 2.793040 21.171241
15.056471 22.406899 837.293956 2.793040 21.172630
15.056471 22.406899 837.293956 2.793040 21.174018
15.056471 22.406899 837.293956 2.793040 21.175407
15.056471 22.406899 837.293956 2.793040 21.176796
15.056471 22.406899 837.293956 2.793040 21.178185
15.056471 22.406899 837.293956 2.793040 21.179574
15.056471 22.406899 837.293956 2.793040 21.180963
15.056471 22.406899 837.293956 2.793040 21.182352
15.056471 22.406899 837.293956 2.793040 21.183741
15.056471 22.406899 837.293956 2.793040 21.185130
15.056471 22.406899 837.293956 2.793040 21.186518
15.046398 22.408425 837.293956 2.793040 21.187907
15.046398 22.408425 837.293956 2.793040 21.189296
15.046398 22.408425 837.293956 2.793040 21.190685
15.046398 22.408425 837.293956 2.793040 21.192074
15.046398 22.408425 837.293956 2.793040 21.193463
15.046398 22.408425 837.293956 2.793040 21.194852
15.046398 22.408425 837.293956 2.793040 21.196241
15.046398 22.408425 837.293956 2.793040 21.197630
15.046398 22.408425 837.293956 2.793040 21.199018
15.046398 22.408425 837.293956 2.793040 21.200407
15.046398 22.408425 837.293956 2.793040 21.201796
15.046398 22.408425 837.293956 2.793040 21.203185
15.036325 22.402320 837.307692 2.793040 21.204574
15.036325 22.402320 837.307692 2.793040 21.205963
15.036325 22.402320 837.307692 2.793040 21.207352
15.036325 22.402320 837.307692 2.793040 21.208741
15.036325 22.402320 837.307692 2.793040 21.210130
15.036325 22.402320 837.307692 2.793040 21.211518
15.036325 22.402320 837.307692 2.793040 21.212907
15.036325 22.402320 837.307692 2.793040 21.214296
15.036325 22.402320 837.307692 2.793040 21.215685
15.036325 22.402320 837.307692 2.793040 21.217074
15.036325 22.402320 837.307692 2.793040 21.218463
15.036325 22.402320 837.307692 2.793040 21.219852
15.021215 22.483211 837.293956 2.793040 21.221241
15.021215 22.483211 837.293956 2.793040 21.222630
15.021215 22.483211 837.293956 2.793040 21.224018
15.021215 22.483211 837.293956 2.793040 21.225407
15.021215 22.483211 837.293956 2.793040 21.226796
15.021215 22.483211 837.293956 2.793040 21.228185
15.021215 22.483211 837.293956 2.793040 21.229574
15.021215 22.483211 837.293956 2.793040 21.230963
15.021215 22.483211 837.293956 2.793040 21.232352
15.021215 22.483211 837.293956 2.793040 21.233741
15.021215 22.483211 837.293956 2.793040 21.235130
15.021215 22.483211 837.293956 2.793040 21.236518
15.019536 22.553419 837.280220 2.793040 21.237907
15.019536 22.553419 837.280220 2.793040 21.239296
15.019536 22.553419 837.280220 2.793040 21.240685
15.019536 22.553419 837.280220 2.793040 21.242074
15.019536 22.553419 837.280220 2.793040 21.243463
15.019536 22.553419 837.280220 2.793040 21.244852
15.019536 22.553419 837.280220 2.793040 21.246241
15.019536 22.553419 837.280220 2.793040 21.247630
15.019536 22.553419 837.280220 2.793040 21.249018
15.019536 22.553419 837.280220 2.793040 21.250407
15.019536 22.553419 837.280220 2.793040 21.251796
15.019536 22.553419 837.280220 2.793040 21.253185
15.027930 22.554945 837.280220 2.808303 21.254574
15.027930 22.554945 837.280220 2.808303 21.255963
15.027930 22.554945 837.280220 2.808303 21.257352
15.027930 22.554945 837.280220 2.808303 21.258741
15.027930 22.554945 837.280220 2.808303 21.260130
15.027930 22.554945 837.280220 2.808303 21.261518
15.027930 22.554945 837.280220 2.808303 21.262907
15.027930 22.554945 837.280220 2.808303 21.264296
15.027930 22.554945 837.280220 2.808303 21.265685
15.027930 22.554945 837.280220 2.808303 21.267074
15.027930 22.554945 837.280220 2.808303 21.268463
15.027930 22.554945 837.280220 2.808303 21.269852
15.038004 22.501526 837.266484 2.808303 21.271241
15.038004 22.501526 837.266484 2.808303 21.272630
15.038004 22.501526 837.266484 2.808303 21.274018
15.038004 22.501526 837.266484 2.808303 21.275407
15.038004 22.501526 837.266484 2.808303 21.276796
15.038004 22.501526 837.266484 2.808303 21.278185
15.038004 22.501526 837.266484 2.808303 21.279574
15.038004 22.501526 837.266484 2.808303 21.280963
15.038004 22.501526 837.266484 2.808303 21.282352
15.038004 22.501526 837.266484 2.808303 21.283741
15.038004 22.501526 837.266484 2.808303 21.285130
15.038004 22.501526 837.266484 2.808303 21.286518
15.048077 22.437424 837.266484 2.808303 21.287907
15.048077 22.437424 837.266484 2.808303 21.289296
15.048077 22.437424 837.266484 2.808303 21.290685
15.048077 22.437424 837.266484 2.808303 21.292074
15.048077 22.437424 837.266484 2.808303 21.293463
15.048077 22.437424 837.266484 2.808303 21.294852
15.048077 22.437424 837.266484 2.808303 21.296241
15.048077 22.437424 837.266484 2.808303 21.297630
15.048077 22.437424 837.266484 2.808303 21.299018
15.048077 22.437424 837.266484 2.808303 21.300407
15.048077 22.437424 837.266484 2.808303 21.301796
15.048077 22.437424 837.266484 2.808303 21.303185
15.058150 22.429792 837.252747 2.808303 21.304574
15.058150 22.429792 837.252747 2.808303 21.305963
15.058150 22.429792 837.252747 2.808303 21.307352
15.058150 22.429792 837.252747 2.808303 21.308741
15.058150 22.429792 837.252747 2.808303 21.310130
15.058150 22.429792 837.252747 2.808303 21.311518
15.058150 22.429792 837.252747 2.808303 21.312907
15.058150 22.429792 837.252747 2.808303 21.314296
15.058150 22.429792 837.252747 2.808303 21.315685
15.058150 22.429792 837.252747 2.808303 21.317074
15.058150 22.429792 837.252747 2.808303 21.318463
15.058150 22.429792 837.252747 2.808303 21.319852
15.068223 22.464896 837.225275 2.808303 21.321241
15.068223 22.464896 837.225275 2.808303 21.322630
15.068223 22.464896 837.225275 2.808303 21.324018
15.068223 22.464896 837.225275 2.808303 21.325407
15.068223 22.464896 837.225275 2.808303 21.326796
15.068223 22.464896 837.225275 2.808303 21.328185
15.068223 22.464896 837.225275 2.808303 21.329574
15.068223 22.464896 837.225275 2.808303 21.330963
15.068223 22.464896 837.225275 2.808303 21.332352
15.068223 22.464896 837.225275 2.808303 21.333741
15.068223 22.464896 837.225275 2.808303 21.335130
15.068223 22.464896 837.225275 2.808303 21.336518
15.090049 22.448107 837.197802 2.808303 21.337907
15.090049 22.448107 837.197802 2.808303 21.339296
15.090049 22.448107 837.197802 2.808303 21.340685
15.090049 22.448107 837.197802 2.808303 21.342074
15.090049 22.448107 837.197802 2.808303 21.343463
15.090049 22.448107 837.197802 2.808303 21.344852
15.090049 22.448107 837.197802 2.808303 21.346241
15.090049 22.448107 837.197802 2.808303 21.347630
15.090049 22.448107 837.197802 2.808303 21.349018
15.090049 22.448107 837.197802 2.808303 21.350407
15.090049 22.448107 837.197802 2.808303 21.351796
15.090049 22.448107 837.197802 2.808303 21.353185
15.098443 22.394689 837.156593 2.808303 21.354574
15.098443 22.394689 837.156593 2.808303 21.355963
15.098443 22.394689 837.156593 2.808303 21.357352
15.098443 22.394689 837.156593 2.808303 21.358741
15.098443 22.394689 837.156593 2.808303 21.360130
15.098443 22.394689 837.156593 2.808303 21.361518
15.098443 22.394689 837.156593 2.808303 21.362907
15.098443 22.394689 837.156593 2.808303 21.364296
15.098443 22.394689 837.156593 2.808303 21.365685
15.098443 22.394689 837.156593 2.808303 21.367074
15.098443 22.394689 837.156593 2.808303 21.368463
15.098443 22.394689 837.156593 2.808303 21.369852
15.088370 22.293956 837.115385 2.793040 21.371241
15.088370 22.293956 837.115385 2.793040 21.372630
15.088370 22.293956 837.115385 2.793040 21.374018
15.088370 22.293956 837.115385 2.793040 21.375407
15.088370 22.293956 837.115385 2.793040 21.376796
15.088370 22.293956 837.115385 2.793040 21.378185
15.088370 22.293956 837.115385 2.793040 21.379574
15.088370 22.293956 837.115385 2.793040 21.380963
15.088370 22.293956 837.115385 2.793040 21.382352
15.088370 22.293956 837.115385 2.793040 21.383741
15.088370 22.293956 837.115385 2.793040 21.385130
15.088370 22.293956 837.115385 2.793040 21.386518
15.078297 22.229853 837.087912 2.793040 21.387907
15.078297 22.229853 837.087912 2.793040 21.389296
15.078297 22.229853 837.087912 2.793040 21.390685
15.078297 22.229853 837.087912 2.793040 21.392074
15.078297 22.229853 837.087912 2.793040 21.393463
15.078297 22.229853 837.087912 2.793040 21.394852
15.078297 22.229853 837.087912 2.793040 21.396241
15.078297 22.229853 837.087912 2.793040 21.397630
15.078297 22.229853 837.087912 2.793040 21.399018
15.078297 22.229853 837.087912 2.793040 21.400407
15.078297 22.229853 837.087912 2.793040 21.401796
15.078297 22.229853 837.087912 2.793040 21.403185
15.063187 22.176435 837.060440 2.793040 21.404574
15.063187 22.176435 837.060440 2.793040 21.405963
15.063187 22.176435 837.060440 2.793040 21.407352
15.063187 22.176435 837.060440 2.793040 21.408741
15.063187 22.176435 837.060440 2.793040 21.410130
15.063187 22.176435 837.060440 2.793040 21.411518
15.063187 22.176435 837.060440 2.793040 21.412907
15.063187 22.176435 837.060440 2.793040 21.414296
15.063187 22.176435 837.060440 2.793040 21.415685
15.063187 22.176435 837.060440 2.793040 21.417074
15.063187 22.176435 837.060440 2.793040 21.418463
15.063187 22.176435 837.060440 2.793040 21.419852
15.059829 22.176435 837.032967 2.793040 21.421241
15.059829 22.176435 837.032967 2.793040 21.422630
15.059829 22.176435 837.032967 2.793040 21.424018
15.059829 22.176435 837.032967 2.793040 21.425407
15.059829 22.176435 837.032967 2.793040 21.426796
15.059829 22.176435 837.032967 2.793040 21.428185
15.059829 22.176435 837.032967 2.793040 21.429574
15.059829 22.176435 837.032967 2.793040 21.430963
15.059829 22.176435 837.032967 2.793040 21.432352
15.059829 22.176435 837.032967 2.793040 21.433741
15.059829 22.176435 837.032967 2.793040 21.435130
15.059829 22.176435 837.032967 2.793040 21.436518
15.059829 22.170330 837.005495 2.793040 21.437907
15.059829 22.170330 837.005495 2.793040 21.439296
15.059829 22.170330 837.005495 2.793040 21.440685
15.059829 22.170330 837.005495 2.793040 21.442074
15.059829 22.170330 837.005495 2.793040 21.443463
15.059829 22.170330 837.005495 2.793040 21.444852
15.059829 22.170330 837.005495 2.793040 21.446241
15.059829 22.170330 837.005495 2.793040 21.447630
15.059829 22.170330 837.005495 2.793040 21.449018
15.059829 22.170330 837.005495 2.793040 21.450407
15.059829 22.170330 837.005495 2.793040 21.451796
15.059829 22.170330 837.005495 2.793040 21.453185
15.059829 22.161172 836.991758 2.793040 21.454574
15.059829 22.161172 836.991758 2.793040 21.455963
15.059829 22.161172 836.991758 2.793040 21.457352
15.059829 22.161172 836.991758 2.793040 21.458741
15.059829 22.161172 836.991758 2.793040 21.460130
15.059829 22.161172 836.991758 2.793040 21.461518
15.059829 22.161172 836.991758 2.793040 21.462907
15.059829 22.161172 836.991758 2.793040 21.464296
15.059829 22.161172 836.991758 2.793040 21.465685
15.059829 22.161172 836.991758 2.793040 21.467074
15.059829 22.161172 836.991758 2.793040 21.468463
15.059829 22.161172 836.991758 2.793040 21.469852
15.059829 22.100122 836.978022 2.793040 21.471241
15.059829 22.100122 836.978022 2.793040 21.472630
15.059829 22.100122 836.978022 2.793040 21.474018
15.059829 22.100122 836.978022 2.793040 21.475407
15.059829 22.100122 836.978022 2.793040 21.476796
15.059829 22.100122 836.978022 2.793040 21.478185
15.059829 22.100122 836.978022 2.793040 21.479574
15.059829 22.100122 836.978022 2.793040 21.480963
15.059829 22.100122 836.978022 2.793040 21.482352
15.059829 22.100122 836.978022 2.793040 21.483741
15.059829 22.100122 836.978022 2.793040 21.485130
15.059829 22.100122 836.978022 2.793040 21.486518
15.058150 22.013126 836.950549 2.777778 21.487907
15.058150 22.013126 836.950549 2.777778 21.489296
15.058150 22.013126 836.950549 2.777778 21.490685
15.058150 22.013126 836.950549 2.777778 21.492074
15.058150 22.013126 836.950549 2.777778 21.493463
15.058150 22.013126 836.950549 2.777778 21.494852
15.058150 22.013126 836.950549 2.777778 21.496241
15.058150 22.013126 836.950549 2.777778 21.497630
15.058150 22.013126 836.950549 2.777778 21.499018
15.058150 22.013126 836.950549 2.777778 21.500407
15.058150 22.013126 836.950549 2.777778 21.501796
15.058150 22.013126 836.950549 2.777778 21.503185
15.044719 21.990232 836.936813 2.777778 21.504574
15.044719 21.990232 836.936813 2.777778 21.505963
15.044719 21.990232 836.936813 2.777778 21.507352
15.044719 21.990232 836.936813 2.777778 21.508741
15.044719 21.990232 836.936813 2.777778 21.510130
15.044719 21.990232 836.936813 2.777778 21.511518
15.044719 21.990232 836.936813 2.777778 21.512907
15.044719 21.990232 836.936813 2.777778 21.514296
15.044719 21.990232 836.936813 2.777778 21.515685
15.044719 21.990232 836.936813 2.777778 21.517074
15.044719 21.990232 836.936813 2.777778 21.518463
15.044719 21.990232 836.936813 2.777778 21.519852
15.026252 21.988706 836.936813 2.777778 21.521241
15.026252 21.988706 836.936813 2.777778 21.522630
15.026252 21.988706 836.936813 2.777778 21.524018
15.026252 21.988706 836.936813 2.777778 21.525407
15.026252 21.988706 836.936813 2.777778 21.526796
15.026252 21.988706 836.936813 2.777778 21.528185
15.026252 21.988706 836.936813 2.777778 21.529574
15.026252 21.988706 836.936813 2.777778 21.530963
15.026252 21.988706 836.936813 2.777778 21.532352
15.026252 21.988706 836.936813 2.777778 21.533741
15.026252 21.988706 836.936813 2.777778 21.535130
15.026252 21.988706 836.936813 2.777778 21.536518
15.014499 21.990232 836.936813 2.777778 21.537907
15.014499 21.990232 836.936813 2.777778 21.539296
15.014499 21.990232 836.936813 2.777778 21.540685
15.014499 21.990232 836.936813 2.777778 21.542074
15.014499 21.990232 836.936813 2.777778 21.543463
15.014499 21.990232 836.936813 2.777778 21.544852
15.014499 21.990232 836.936813 2.777778 21.546241
15.014499 21.990232 836.936813 2.777778 21.547630
15.014499 21.990232 836.936813 2.777778 21.549018
15.014499 21.990232 836.936813 2.777778 21.550407
15.014499 21.990232 836.936813 2.777778 21.551796
15.014499 21.990232 836.936813 2.777778 21.553185
15.004426 21.982601 836.936813 2.762515 21.554574
15.004426 21.982601 836.936813 2.762515 21.555963
15.004426 21.982601 836.936813 2.762515 21.557352
15.004426 21.982601 836.936813 2.762515 21.558741
15.004426 21.982601 836.936813 2.762515 21.560130
15.004426 21.982601 836.936813 2.762515 21.561518
15.004426 21.982601 836.936813 2.762515 21.562907
15.004426 21.982601 836.936813 2.762515 21.564296
15.004426 21.982601 836.936813 2.762515 21.565685
15.004426 21.982601 836.936813 2.762515 21.567074
15.004426 21.982601 836.936813 2.762515 21.568463
15.004426 21.982601 836.936813 2.762515 21.569852
14.996032 21.979548 836.936813 2.762515 21.571241
14.996032 21.979548 836.936813 2.762515 21.572630
14.996032 21.979548 836.936813 2.762515 21.574018
14.996032 21.979548 836.936813 2.762515 21.575407
14.996032 21.979548 836.936813 2.762515 21.576796
14.996032 21.979548 836.936813 2.762515 21.578185
14.996032 21.979548 836.936813 2.762515 21.579574
14.996032 21.979548 836.936813 2.762515 21.580963
14.996032 21.979548 836.936813 2.762515 21.582352
14.996032 21.979548 836.936813 2.762515 21.583741
14.996032 21.979548 836.936813 2.762515 21.585130
14.996032 21.979548 836.936813 2.762515 21.586518
14.989316 21.950549 836.923077 2.747253 21.587907
14.989316 21.950549 836.923077 2.747253 21.589296
14.989316 21.950549 836.923077 2.747253 21.590685
14.989316 21.950549 836.923077 2.747253 21.592074
14.989316 21.950549 836.923077 2.747253 21.593463
14.989316 21.950549 836.923077 2.747253 21.594852
14.989316 21.950549 836.923077 2.747253 21.596241
14.989316 21.950549 836.923077 2.747253 21.597630
14.989316 21.950549 836.923077 2.747253 21.599018
14.989316 21.950549 836.923077 2.747253 21.600407
14.989316 21.950549 836.923077 2.747253 21.601796
14.989316 21.950549 836.923077 2.747253 21.603185
14.977564 21.942918 836.909341 2.747253 21.604574
14.977564 21.942918 836.909341 2.747253 21.605963
14.977564 21.942918 836.909341 2.747253 21.607353
14.977564 21.942918 836.909341 2.747253 21.608742
14.977564 21.942918 836.909341 2.747253 21.610131
14.977564 21.942918 836.909341 2.747253 21.611520
14.977564 21.942918 836.909341 2.747253 21.612908
14.977564 21.942918 836.909341 2.747253 21.614297
14.977564 21.942918 836.909341 2.747253 21.615686
14.977564 21.942918 836.909341 2.747253 21.617075
14.977564 21.942918 836.909341 2.747253 21.618464
14.977564 21.942918 836.909341 2.747253 21.619853
14.967491 21.874237 836.881868 2.731990 21.621242
14.967491 21.874237 836.881868 2.731990 21.622631
14.967491 21.874237 836.881868 2.731990 21.624020
14.967491 21.874237 836.881868 2.731990 21.625408
14.967491 21.874237 836.881868 2.731990 21.626797
14.967491 21.874237 836.881868 2.731990 21.628186
14.967491 21.874237 836.881868 2.731990 21.629575
14.967491 21.874237 836.881868 2.731990 21.630964
14.967491 21.874237 836.881868 2.731990 21.632353
14.967491 21.874237 836.881868 2.731990 21.633742
14.967491 21.874237 836.881868 2.731990 21.635131
14.967491 21.874237 836.881868 2.731990 21.636520
14.947344 21.822344 836.854396 2.731990 21.637908
14.947344 21.822344 836.854396 2.731990 21.639297
14.947344 21.822344 836.854396 2.731990 21.640686
14.947344 21.822344 836.854396 2.731990 21.642075
14.947344 21.822344 836.854396 2.731990 21.643464
14.947344 21.822344 836.854396 2.731990 21.644853
14.947344 21.822344 836.854396 2.731990 21.646242
14.947344 21.822344 836.854396 2.731990 21.647631
14.947344 21.822344 836.854396 2.731990 21.649020
14.947344 21.822344 836.854396 2.731990 21.650408
14.947344 21.822344 836.854396 2.731990 21.651797
14.947344 21.822344 836.854396 2.731990 21.653186
14.927198 21.807082 836.840659 2.731990 21.654575
14.927198 21.807082 836.840659 2.731990 21.655964
14.927198 21.807082 836.840659 2.731990 21.657353
14.927198 21.807082 836.840659 2.731990 21.658742
14.927198 21.807082 836.840659 2.731990 21.660131
14.927198 21.807082 836.840659 2.731990 21.661520
14.927198 21.807082 836.840659 2.731990 21.662908
14.927198 21.807082 836.840659 2.731990 21.664297
14.927198 21.807082 836.840659 2.731990 21.665686
14.927198 21.807082 836.840659 2.731990 21.667075
14.927198 21.807082 836.840659 2.731990 21.668464
14.927198 21.807082 836.840659 2.731990 21.669853
14.915446 21.752137 836.813187 2.686203 21.671242
14.915446 21.752137 836.813187 2.686203 21.672631
14.915446 21.752137 836.813187 2.686203 21.674020
14.915446 21.752137 836.813187 2.686203 21.675408
14.915446 21.752137 836.813187 2.686203 21.676797
14.915446 21.752137 836.813187 2.686203 21.678186
14.915446 21.752137 836.813187 2.686203 21.679575
14.915446 21.752137 836.813187 2.686203 21.680964
14.915446 21.752137 836.813187 2.686203 21.682353
14.915446 21.752137 836.813187 2.686203 21.683742
14.915446 21.752137 836.813187 2.686203 21.685131
14.915446 21.752137 836.813187 2.686203 21.686520
14.915446 21.691087 836.799451 2.686203 21.687908
14.915446 21.691087 836.799451 2.686203 21.689297
14.915446 21.691087 836.799451 2.686203 21.690686
14.915446 21.691087 836.799451 2.686203 21.692075
14.915446 21.691087 836.799451 2.686203 21.693464
14.915446 21.691087 836.799451 2.686203 21.694853
14.915446 21.691087 836.799451 2.686203 21.696242
14.915446 21.691087 836.799451 2.686203 21.697631
14.915446 21.691087 836.799451 2.686203 21.699020
14.915446 21.691087 836.799451 2.686203 21.700408
14.915446 21.691087 836.799451 2.686203 21.701797
14.915446 21.691087 836.799451 2.686203 21.703186
14.915446 21.640720 836.799451 2.686203 21.704575
14.915446 21.640720 836.799451 2.686203 21.705964
14.915446 21.640720 836.799451 2.686203 21.707353
14.915446 21.640720 836.799451 2.686203 21.708742
14.915446 21.640720 836.799451 2.686203 21.710131
14.915446 21.640720 836.799451 2.686203 21.711520
14.915446 21.640720 836.799451 2.686203 21.712908
14.915446 21.640720 836.799451 2.686203 21.714297
14.915446 21.640720 836.799451 2.686203 21.715686
14.915446 21.640720 836.799451 2.686203 21.717075
14.915446 21.640720 836.799451 2.686203 21.718464
14.915446 21.640720 836.799451 2.686203 21.719853
14.928877 21.573565 836.771978 2.686203 21.721242
14.928877 21.573565 836.771978 2.686203 21.722631
14.928877 21.573565 836.771978 2.686203 21.724020
14.928877 21.573565 836.771978 2.686203 21.725408
14.928877 21.573565 836.771978 2.686203 21.726797
14.928877 21.573565 836.771978 2.686203 21.728186
14.928877 21.573565 836.771978 2.686203 21.729575
14.928877 21.573565 836.771978 2.686203 21.730964
14.928877 21.573565 836.771978 2.686203 21.732353
14.928877 21.573565 836.771978 2.686203 21.733742
14.928877 21.573565 836.771978 2.686203 21.735131
14.928877 21.573565 836.771978 2.686203 21.736520
14.947344 21.501832 836.771978 2.686203 21.737908
14.947344 21.501832 836.771978 2.686203 21.739297
14.947344 21.501832 836.771978 2.686203 21.740686
14.947344 21.501832 836.771978 2.686203 21.742075
14.947344 21.501832 836.771978 2.686203 21.743464
14.947344 21.501832 836.771978 2.686203 21.744853
14.947344 21.501832 836.771978 2.686203 21.746242
14.947344 21.501832 836.771978 2.686203 21.747631
14.947344 21.501832 836.771978 2.686203 21.749020
14.947344 21.501832 836.771978 2.686203 21.750408
14.947344 21.501832 836.771978 2.686203 21.751797
14.947344 21.501832 836.771978 2.686203 21.753186
14.957418 21.457570 836.771978 2.686203 21.754575
14.957418 21.457570 836.771978 2.686203 21.755964
14.957418 21.457570 836.771978 2.686203 21.757353
14.957418 21.457570 836.771978 2.686203 21.758742
14.957418 21.457570 836.771978 2.686203 21.760131
14.957418 21.457570 836.771978 2.686203 21.761520
14.957418 21.457570 836.771978 2.686203 21.762908
14.957418 21.457570 836.771978 2.686203 21.764297
14.957418 21.457570 836.771978 2.686203 21.765686
14.957418 21.457570 836.771978 2.686203 21.767075
14.957418 21.457570 836.771978 2.686203 21.768464
14.957418 21.457570 836.771978 2.686203 21.769853
14.957418 21.358364 836.771978 2.655678 21.771242
14.957418 21.358364 836.771978 2.655678 21.772631
14.957418 21.358364 836.771978 2.655678 21.774020
14.957418 21.358364 836.771978 2.655678 21.775408
14.957418 21.358364 836.771978 2.655678 21.776797
14.957418 21.358364 836.771978 2.655678 21.778186
14.957418 21.358364 836.771978 2.655678 21.779575
14.957418 21.358364 836.771978 2.655678 21.780964
14.957418 21.358364 836.771978 2.655678 21.782353
14.957418 21.358364 836.771978 2.655678 21.783742
14.957418 21.358364 836.771978 2.655678 21.785131
14.957418 21.358364 836.771978 2.655678 21.786520
14.947344 21.326313 836.758242 2.655678 21.787908
14.947344 21.326313 836.758242 2.655678 21.789297
14.947344 21.326313 836.758242 2.655678 21.790686
14.947344 21.326313 836.758242 2.655678 21.792075
14.947344 21.326313 836.758242 2.655678 21.793464
14.947344 21.326313 836.758242 2.655678 21.794853
14.947344 21.326313 836.758242 2.655678 21.796242
14.947344 21.326313 836.758242 2.655678 21.797631
14.947344 21.326313 836.758242 2.655678 21.799020
14.947344 21.326313 836.758242 2.655678 21.800408
14.947344 21.326313 836.758242 2.655678 21.801797
14.947344 21.326313 836.758242 2.655678 21.803186
14.928877 21.307998 836.785714 2.655678 21.804575
14.928877 21.307998 836.785714 2.655678 21.805964
14.928877 21.307998 836.785714 2.655678 21.807353
14.928877 21.307998 836.785714 2.655678 21.808742
14.928877 21.307998 836.785714 2.655678 21.810131
14.928877 21.307998 836.785714 2.655678 21.811520
14.928877 21.307998 836.785714 2.655678 21.812908
14.928877 21.307998 836.785714 2.655678 21.814297
14.928877 21.307998 836.785714 2.655678 21.815686
14.928877 21.307998 836.785714 2.655678 21.817075
14.928877 21.307998 836.785714 2.655678 21.818464
14.928877 21.307998 836.785714 2.655678 21.819853
14.908730 21.291209 836.785714 2.655678 21.821242
14.908730 21.291209 836.785714 2.655678 21.822631
14.908730 21.291209 836.785714 2.655678 21.824020
14.908730 21.291209 836.785714 2.655678 21.825408
14.908730 21.291209 836.785714 2.655678 21.826797
14.908730 21.291209 836.785714 2.655678 21.828186
14.908730 21.291209 836.785714 2.655678 21.829575
14.908730 21.291209 836.785714 2.655678 21.830964
14.908730 21.291209 836.785714 2.655678 21.832353
14.908730 21.291209 836.785714 2.655678 21.833742
14.908730 21.291209 836.785714 2.655678 21.835131
14.908730 21.291209 836.785714 2.655678 21.836520
14.893620 21.321734 836.799451 2.655678 21.837908
14.893620 21.321734 836.799451 2.655678 21.839297
14.893620 21.321734 836.799451 2.655678 21.840686
14.893620 21.321734 836.799451 2.655678 21.842075
14.893620 21.321734 836.799451 2.655678 21.843464
14.893620 21.321734 836.799451 2.655678 21.844853
14.893620 21.321734 836.799451 2.655678 21.846242
14.893620 21.321734 836.799451 2.655678 21.847631
14.893620 21.321734 836.799451 2.655678 21.849020
14.893620 21.321734 836.799451 2.655678 21.850408
14.893620 21.321734 836.799451 2.655678 21.851797
14.893620 21.321734 836.799451 2.655678 21.853186
14.883547 21.352259 836.799451 2.655678 21.854575
14.883547 21.352259 836.799451 2.655678 21.855964
14.883547 21.352259 836.799451 2.655678 21.857353
14.883547 21.352259 836.799451 2.655678 21.858742
14.883547 21.352259 836.799451 2.655678 21.860131
14.883547 21.352259 836.799451 2.655678 21.861520
14.883547 21.352259 836.799451 2.655678 21.862908
14.883547 21.352259 836.799451 2.655678 21.864297
14.883547 21.352259 836.799451 2.655678 21.865686
14.883547 21.352259 836.799451 2.655678 21.867075
14.883547 21.352259 836.799451 2.655678 21.868464
14.883547 21.352259 836.799451 2.655678 21.869853
14.873474 21.361416 836.813187 2.655678 21.871242
14.873474 21.361416 836.813187 2.655678 21.872631
14.873474 21.361416 836.813187 2.655678 21.874020
14.873474 21.361416 836.813187 2.655678 21.875408
14.873474 21.361416 836.813187 2.655678 21.876797
14.873474 21.361416 836.813187 2.655678 21.878186
14.873474 21.361416 836.813187 2.655678 21.879575
14.873474 21.361416 836.813187 2.655678 21.880964
14.873474 21.361416 836.813187 2.655678 21.882353
14.873474 21.361416 836.813187 2.655678 21.883742
14.873474 21.361416 836.813187 2.655678 21.885131
14.873474 21.361416 836.813187 2.655678 21.886520
14.861722 21.379731 836.826923 2.655678 21.887909
14.861722 21.379731 836.826923 2.655678 21.889298
14.861722 21.379731 836.826923 2.655678 21.890686
14.861722 21.379731 836.826923 2.655678 21.892075
14.861722 21.379731 836.826923 2.655678 21.893464
14.861722 21.379731 836.826923 2.655678 21.894853
14.861722 21.379731 836.826923 2.655678 21.896242
14.861722 21.379731 836.826923 2.655678 21.897631
14.861722 21.379731 836.826923 2.655678 21.899020
14.861722 21.379731 836.826923 2.655678 21.900409
14.861722 21.379731 836.826923 2.655678 21.901798
14.861722 21.379731 836.826923 2.655678 21.903186
14.848291 21.398046 836.826923 2.655678 21.904575
14.848291 21.398046 836.826923 2.655678 21.905964
14.848291 21.398046 836.826923 2.655678 21.907353
14.848291 21.398046 836.826923 2.655678 21.908742
14.848291 21.398046 836.826923 2.655678 21.910131
14.848291 21.398046 836.826923 2.655678 21.911520
14.848291 21.398046 836.826923 2.655678 21.912909
14.848291 21.398046 836.826923 2.655678 21.914298
14.848291 21.398046 836.826923 2.655678 21.915686
14.848291 21.398046 836.826923 2.655678 21.917075
14.848291 21.398046 836.826923 2.655678 21.918464
14.848291 21.398046 836.826923 2.655678 21.919853
14.831502 21.405678 836.826923 2.655678 21.921242
14.831502 21.405678 836.826923 2.655678 21.922631
14.831502 21.405678 836.826923 2.655678 21.924020
14.831502 21.405678 836.826923 2.655678 21.925409
14.831502 21.405678 836.826923 2.655678 21.926798
14.831502 21.405678 836.826923 2.655678 21.928186
14.831502 21.405678 836.826923 2.655678 21.929575
14.831502 21.405678 836.826923 2.655678 21.930964
14.831502 21.405678 836.826923 2.655678 21.932353
14.831502 21.405678 836.826923 2.655678 21.933742
14.831502 21.405678 836.826923 2.655678 21.935131
14.831502 21.405678 836.826923 2.655678 21.936520
14.821429 21.434676 836.826923 2.670940 21.937909
14.821429 21.434676 836.826923 2.670940 21.939298
14.821429 21.434676 836.826923 2.670940 21.940686
14.821429 21.434676 836.826923 2.670940 21.942075
14.821429 21.434676 836.826923 2.670940 21.943464
14.821429 21.434676 836.826923 2.670940 21.944853
14.821429 21.434676 836.826923 2.670940 21.946242
14.821429 21.434676 836.826923 2.670940 21.947631
14.821429 21.434676 836.826923 2.670940 21.949020
14.821429 21.434676 836.826923 2.670940 21.950409
14.821429 21.434676 836.826923 2.670940 21.951798
14.821429 21.434676 836.826923 2.670940 21.953186
14.821429 21.431624 836.868132 2.670940 21.954575
14.821429 21.431624 836.868132 2.670940 21.955964
14.821429 21.431624 836.868132 2.670940 21.957353
14.821429 21.431624 836.868132 2.670940 21.958742
14.821429 21.431624 836.868132 2.670940 21.960131
14.821429 21.431624 836.868132 2.670940 21.961520
14.821429 21.431624 836.868132 2.670940 21.962909
14.821429 21.431624 836.868132 2.670940 21.964298
14.821429 21.431624 836.868132 2.670940 21.965686
14.821429 21.431624 836.868132 2.670940 21.967075
14.821429 21.431624 836.868132 2.670940 21.968464
14.821429 21.431624 836.868132 2.670940 21.969853
14.828144 21.390415 836.854396 2.640415 21.971242
14.828144 21.390415 836.854396 2.640415 21.972631
14.828144 21.390415 836.854396 2.640415 21.974020
14.828144 21.390415 836.854396 2.640415 21.975409
14.828144 21.390415 836.854396 2.640415 21.976798
14.828144 21.390415 836.854396 2.640415 21.978186
14.828144 21.390415 836.854396 2.640415 21.979575
14.828144 21.390415 836.854396 2.640415 21.980964
14.828144 21.390415 836.854396 2.640415 21.982353
14.828144 21.390415 836.854396 2.640415 21.983742
14.828144 21.390415 836.854396 2.640415 21.985131
14.828144 21.390415 836.854396 2.640415 21.986520
14.834860 21.352259 836.868132 2.640415 21.987909
14.834860 21.352259 836.868132 2.640415 21.989298
14.834860 21.352259 836.868132 2.640415 21.990686
14.834860 21.352259 836.868132 2.640415 21.992075
14.834860 21.352259 836.868132 2.640415 21.993464
14.834860 21.352259 836.868132 2.640415 21.994853
14.834860 21.352259 836.868132 2.640415 21.996242
14.834860 21.352259 836.868132 2.640415 21.997631
14.834860 21.352259 836.868132 2.640415 21.999020
14.834860 21.352259 836.868132 2.640415 22.000409
14.834860 21.352259 836.868132 2.640415 22.001798
14.834860 21.352259 836.868132 2.640415 22.003186
14.838217 21.307998 836.854396 2.640415 22.004575
14.838217 21.307998 836.854396 2.640415 22.005964
14.838217 21.307998 836.854396 2.640415 22.007353
14.838217 21.307998 836.854396 2.640415 22.008742
14.838217 21.307998 836.854396 2.640415 22.010131
14.838217 21.307998 836.854396 2.640415 22.011520
14.838217 21.307998 836.854396 2.640415 22.012909
14.838217 21.307998 836.854396 2.640415 22.014298
14.838217 21.307998 836.854396 2.640415 22.015686
14.838217 21.307998 836.854396 2.640415 22.017075
14.838217 21.307998 836.854396 2.640415 22.018464
14.838217 21.307998 836.854396 2.640415 22.019853
14.838217 21.253053 836.854396 2.640415 22.021242
14.838217 21.253053 836.854396 2.640415 22.022631
14.838217 21.253053 836.854396 2.640415 22.024020
14.838217 21.253053 836.854396 2.640415 22.025409
14.838217 21.253053 836.854396 2.640415 22.026798
14.838217 21.253053 836.854396 2.640415 22.028186
14.838217 21.253053 836.854396 2.640415 22.029575
14.838217 21.253053 836.854396 2.640415 22.030964
14.838217 21.253053 836.854396 2.640415 22.032353
14.838217 21.253053 836.854396 2.640415 22.033742
14.838217 21.253053 836.854396 2.640415 22.035131
14.838217 21.253053 836.854396 2.640415 22.036520
14.836538 21.224054 836.840659 2.640415 22.037909
14.836538 21.224054 836.840659 2.640415 22.039298
14.836538 21.224054 836.840659 2.640415 22.040686
14.836538 21.224054 836.840659 2.640415 22.042075
14.836538 21.224054 836.840659 2.640415 22.043464
14.836538 21.224054 836.840659 2.640415 22.044853
14.836538 21.224054 836.840659 2.640415 22.046242
14.836538 21.224054 836.840659 2.640415 22.047631
14.836538 21.224054 836.840659 2.640415 22.049020
14.836538 21.224054 836.840659 2.640415 22.050409
14.836538 21.224054 836.840659 2.640415 22.051798
14.836538 21.224054 836.840659 2.640415 22.053186
14.836538 21.182845 836.826923 2.640415 22.054575
14.836538 21.182845 836.826923 2.640415 22.055964
14.836538 21.182845 836.826923 2.640415 22.057353
14.836538 21.182845 836.826923 2.640415 22.058742
14.836538 21.182845 836.826923 2.640415 22.060131
14.836538 21.182845 836.826923 2.640415 22.061520
14.836538 21.182845 836.826923 2.640415 22.062909
14.836538 21.182845 836.826923 2.640415 22.064298
14.836538 21.182845 836.826923 2.640415 22.065686
14.836538 21.182845 836.826923 2.640415 22.067075
14.836538 21.182845 836.826923 2.640415 22.068464
14.836538 21.182845 836.826923 2.640415 22.069853
14.821429 21.143162 836.826923 2.640415 22.071242
14.821429 21.143162 836.826923 2.640415 22.072631
14.821429 21.143162 836.826923 2.640415 22.074020
14.821429 21.143162 836.826923 2.640415 22.075409
14.821429 21.143162 836.826923 2.640415 22.076798
14.821429 21.143162 836.826923 2.640415 22.078186
14.821429 21.143162 836.826923 2.640415 22.079575
14.821429 21.143162 836.826923 2.640415 22.080964
14.821429 21.143162 836.826923 2.640415 22.082353
14.821429 21.143162 836.826923 2.640415 22.083742
14.821429 21.143162 836.826923 2.640415 22.085131
14.821429 21.143162 836.826923 2.640415 22.086520
14.807998 21.135531 836.826923 2.640415 22.087909
14.807998 21.135531 836.826923 2.640415 22.089298
14.807998 21.135531 836.826923 2.640415 22.090686
14.807998 21.135531 836.826923 2.640415 22.092075
14.807998 21.135531 836.826923 2.640415 22.093464
14.807998 21.135531 836.826923 2.640415 22.094853
14.807998 21.135531 836.826923 2.640415 22.096242
14.807998 21.135531 836.826923 2.640415 22.097631
14.807998 21.135531 836.826923 2.640415 22.099020
14.807998 21.135531 836.826923 2.640415 22.100409
14.807998 21.135531 836.826923 2.640415 22.101798
14.807998 21.135531 836.826923 2.640415 22.103186
14.796245 21.153846 836.826923 2.640415 22.104575
14.796245 21.153846 836.826923 2.640415 22.105964
14.796245 21.153846 836.826923 2.640415 22.107353
14.796245 21.153846 836.826923 2.640415 22.108742
14.796245 21.153846 836.826923 2.640415 22.110131
14.796245 21.153846 836.826923 2.640415 22.111520
14.796245 21.153846 836.826923 2.640415 22.112909
14.796245 21.153846 836.826923 2.640415 22.114298
14.796245 21.153846 836.826923 2.640415 22.115686
14.796245 21.153846 836.826923 2.640415 22.117075
14.796245 21.153846 836.826923 2.640415 22.118464
14.796245 21.153846 836.826923 2.640415 22.119853
14.786172 21.181319 836.799451 2.640415 22.121242
14.786172 21.181319 836.799451 2.640415 22.122631
14.786172 21.181319 836.799451 2.640415 22.124020
14.786172 21.181319 836.799451 2.640415 22.125409
14.786172 21.181319 836.799451 2.640415 22.126798
14.786172 21.181319 836.799451 2.640415 22.128186
14.786172 21.181319 836.799451 2.640415 22.129575
14.786172 21.181319 836.799451 2.640415 22.130964
14.786172 21.181319 836.799451 2.640415 22.132353
14.786172 21.181319 836.799451 2.640415 22.133742
14.786172 21.181319 836.799451 2.640415 22.135131
14.786172 21.181319 836.799451 2.640415 22.136520
14.777778 21.242369 836.785714 2.640415 22.137909
14.777778 21.242369 836.785714 2.640415 22.139298
14.777778 21.242369 836.785714 2.640415 22.140686
14.777778 21.242369 836.785714 2.640415 22.142075
14.777778 21.242369 836.785714 2.640415 22.143464
14.777778 21.242369 836.785714 2.640415 22.144853
14.777778 21.242369 836.785714 2.640415 22.146242
14.777778 21.242369 836.785714 2.640415 22.147631
14.777778 21.242369 836.785714 2.640415 22.149020
14.777778 21.242369 836.785714 2.640415 22.150409
14.777778 21.242369 836.785714 2.640415 22.151798
14.777778 21.242369 836.785714 2.640415 22.153186
14.771062 21.298840 836.799451 2.640415 22.154575
14.771062 21.298840 836.799451 2.640415 22.155964
14.771062 21.298840 836.799451 2.640415 22.157353
14.771062 21.298840 836.799451 2.640415 22.158742
14.771062 21.298840 836.799451 2.640415 22.160131
14.771062 21.298840 836.799451 2.640415 22.161520
14.771062 21.298840 836.799451 2.640415 22.162909
14.771062 21.298840 836.799451 2.640415 22.164298
14.771062 21.298840 836.799451 2.640415 22.165686
14.771062 21.298840 836.799451 2.640415 22.167075
14.771062 21.298840 836.799451 2.640415 22.168464
14.771062 21.298840 836.799451 2.640415 22.169853
14.760989 21.346154 836.813187 2.640415 22.171242
14.760989 21.346154 836.813187 2.640415 22.172631
14.760989 21.346154 836.813187 2.640415 22.174020
14.760989 21.346154 836.813187 2.640415 22.175409
14.760989 21.346154 836.813187 2.640415 22.176798
14.760989 21.346154 836.813187 2.640415 22.178186
14.760989 21.346154 836.813187 2.640415 22.179575
14.760989 21.346154 836.813187 2.640415 22.180964
14.760989 21.346154 836.813187 2.640415 22.182353
14.760989 21.346154 836.813187 2.640415 22.183742
14.760989 21.346154 836.813187 2.640415 22.185131
14.760989 21.346154 836.813187 2.640415 22.186520
14.745879 21.399573 836.799451 2.640415 22.187909
14.745879 21.399573 836.799451 2.640415 22.189298
14.745879 21.399573 836.799451 2.640415 22.190686
14.745879 21.399573 836.799451 2.640415 22.192075
14.745879 21.399573 836.799451 2.640415 22.193464
14.745879 21.399573 836.799451 2.640415 22.194853
14.745879 21.399573 836.799451 2.640415 22.196242
14.745879 21.399573 836.799451 2.640415 22.197631
14.745879 21.399573 836.799451 2.640415 22.199020
14.745879 21.399573 836.799451 2.640415 22.200409
14.745879 21.399573 836.799451 2.640415 22.201798
14.745879 21.399573 836.799451 2.640415 22.203186
14.724054 21.433150 836.799451 2.640415 22.204575
14.724054 21.433150 836.799451 2.640415 22.205964
14.724054 21.433150 836.799451 2.640415 22.207353
14.724054 21.433150 836.799451 2.640415 22.208742
14.724054 21.433150 836.799451 2.640415 22.210131
14.724054 21.433150 836.799451 2.640415 22.211520
14.724054 21.433150 836.799451 2.640415 22.212909
14.724054 21.433150 836.799451 2.640415 22.214298
14.724054 21.433150 836.799451 2.640415 22.215686
14.724054 21.433150 836.799451 2.640415 22.217075
14.724054 21.433150 836.799451 2.640415 22.218464
14.724054 21.433150 836.799451 2.640415 22.219853
14.703907 21.504884 836.813187 2.640415 22.221242
14.703907 21.504884 836.813187 2.640415 22.222631
14.703907 21.504884 836.813187 2.640415 22.224020
14.703907 21.504884 836.813187 2.640415 22.225409
14.703907 21.504884 836.813187 2.640415 22.226798
14.703907 21.504884 836.813187 2.640415 22.228186
14.703907 21.504884 836.813187 2.640415 22.229575
14.703907 21.504884 836.813187 2.640415 22.230964
14.703907 21.504884 836.813187 2.640415 22.232353
14.703907 21.504884 836.813187 2.640415 22.233742
14.703907 21.504884 836.813187 2.640415 22.235131
14.703907 21.504884 836.813187 2.640415 22.236520
14.685440 21.567460 836.813187 2.655678 22.237909
14.685440 21.567460 836.813187 2.655678 22.239298
14.685440 21.567460 836.813187 2.655678 22.240686
14.685440 21.567460 836.813187 2.655678 22.242075
14.685440 21.567460 836.813187 2.655678 22.243464
14.685440 21.567460 836.813187 2.655678 22.244853
14.685440 21.567460 836.813187 2.655678 22.246242
14.685440 21.567460 836.813187 2.655678 22.247631
14.685440 21.567460 836.813187 2.655678 22.249020
14.685440 21.567460 836.813187 2.655678 22.250409
14.685440 21.567460 836.813187 2.655678 22.251798
14.685440 21.567460 836.813187 2.655678 22.253186
14.663614 21.601038 836.799451 2.670940 22.254575
14.663614 21.601038 836.799451 2.670940 22.255964
14.663614 21.601038 836.799451 2.670940 22.257353
14.663614 21.601038 836.799451 2.670940 22.258742
14.663614 21.601038 836.799451 2.670940 22.260131
14.663614 21.601038 836.799451 2.670940 22.261520
14.663614 21.601038 836.799451 2.670940 22.262909
14.663614 21.601038 836.799451 2.670940 22.264298
14.663614 21.601038 836.799451 2.670940 22.265686
14.663614 21.601038 836.799451 2.670940 22.267075
14.663614 21.601038 836.799451 2.670940 22.268464
14.663614 21.601038 836.799451 2.670940 22.269853
14.643468 21.634615 836.799451 2.670940 22.271242
14.643468 21.634615 836.799451 2.670940 22.272631
14.643468 21.634615 836.799451 2.670940 22.274020
14.643468 21.634615 836.799451 2.670940 22.275409
14.643468 21.634615 836.799451 2.670940 22.276798
14.643468 21.634615 836.799451 2.670940 22.278186
14.643468 21.634615 836.799451 2.670940 22.279575
14.643468 21.634615 836.799451 2.670940 22.280964
14.643468 21.634615 836.799451 2.670940 22.282353
14.643468 21.634615 836.799451 2.670940 22.283742
14.643468 21.634615 836.799451 2.670940 22.285131
14.643468 21.634615 836.799451 2.670940 22.286520
14.621642 21.680403 836.813187 2.670940 22.287909
14.621642 21.680403 836.813187 2.670940 22.289298
14.621642 21.680403 836.813187 2.670940 22.290686
14.621642 21.680403 836.813187 2.670940 22.292075
14.621642 21.680403 836.813187 2.670940 22.293464
14.621642 21.680403 836.813187 2.670940 22.294853
14.621642 21.680403 836.813187 2.670940 22.296242
14.621642 21.680403 836.813187 2.670940 22.297631
14.621642 21.680403 836.813187 2.670940 22.299020
14.621642 21.680403 836.813187 2.670940 22.300409
14.621642 21.680403 836.813187 2.670940 22.301798
14.621642 21.680403 836.813187 2.670940 22.303186
14.598138 21.717033 836.799451 2.670940 22.304575
14.598138 21.717033 836.799451 2.670940 22.305964
14.598138 21.717033 836.799451 2.670940 22.307353
14.598138 21.717033 836.799451 2.670940 22.308742
14.598138 21.717033 836.799451 2.670940 22.310131
14.598138 21.717033 836.799451 2.670940 22.311520
14.598138 21.717033 836.799451 2.670940 22.312909
14.598138 21.717033 836.799451 2.670940 22.314298
14.598138 21.717033 836.799451 2.670940 22.315686
14.598138 21.717033 836.799451 2.670940 22.317075
14.598138 21.717033 836.799451 2.670940 22.318464
14.598138 21.717033 836.799451 2.670940 22.319853
14.572955 21.746032 836.799451 2.670940 22.321242
14.572955 21.746032 836.799451 2.670940 22.322631
14.572955 21.746032 836.799451 2.670940 22.324020
14.572955 21.746032 836.799451 2.670940 22.325409
14.572955 21.746032 836.799451 2.670940 22.326798
14.572955 21.746032 836.799451 2.670940 22.328186
14.572955 21.746032 836.799451 2.670940 22.329575
14.572955 21.746032 836.799451 2.670940 22.330964
14.572955 21.746032 836.799451 2.670940 22.332353
14.572955 21.746032 836.799451 2.670940 22.333742
14.572955 21.746032 836.799451 2.670940 22.335131
14.572955 21.746032 836.799451 2.670940 22.336520
14.541056 21.776557 836.799451 2.670940 22.337909
14.541056 21.776557 836.799451 2.670940 22.339298
14.541056 21.776557 836.799451 2.670940 22.340686
14.541056 21.776557 836.799451 2.670940 22.342075
14.541056 21.776557 836.799451 2.670940 22.343464
14.541056 21.776557 836.799451 2.670940 22.344853
14.541056 21.776557 836.799451 2.670940 22.346242
14.541056 21.776557 836.799451 2.670940 22.347631
14.541056 21.776557 836.799451 2.670940 22.349020
14.541056 21.776557 836.799451 2.670940 22.350409
14.541056 21.776557 836.799451 2.670940 22.351798
14.541056 21.776557 836.799451 2.670940 22.353186
14.514194 21.805556 836.785714 2.670940 22.354575
14.514194 21.805556 836.785714 2.670940 22.355964
14.514194 21.805556 836.785714 2.670940 22.357353
14.514194 21.805556 836.785714 2.670940 22.358742
14.514194 21.805556 836.785714 2.670940 22.360131
14.514194 21.805556 836.785714 2.670940 22.361520
14.514194 21.805556 836.785714 2.670940 22.362909
14.514194 21.805556 836.785714 2.670940 22.364298
14.514194 21.805556 836.785714 2.670940 22.365686
14.514194 21.805556 836.785714 2.670940 22.367075
14.514194 21.805556 836.785714 2.670940 22.368464
14.514194 21.805556 836.785714 2.670940 22.369853
14.489011 21.845238 836.785714 2.670940 22.371242
14.489011 21.845238 836.785714 2.670940 22.372631
14.489011 21.845238 836.785714 2.670940 22.374020
14.489011 21.845238 836.785714 2.670940 22.375409
14.489011 21.845238 836.785714 2.670940 22.376798
14.489011 21.845238 836.785714 2.670940 22.378186
14.489011 21.845238 836.785714 2.670940 22.379575
14.489011 21.845238 836.785714 2.670940 22.380964
14.489011 21.845238 836.785714 2.670940 22.382353
14.489011 21.845238 836.785714 2.670940 22.383742
14.489011 21.845238 836.785714 2.670940 22.385131
14.489011 21.845238 836.785714 2.670940 22.386520
14.460470 21.855922 836.771978 2.670940 22.387909
14.460470 21.855922 836.771978 2.670940 22.389298
14.460470 21.855922 836.771978 2.670940 22.390686
14.460470 21.855922 836.771978 2.670940 22.392075
14.460470 21.855922 836.771978 2.670940 22.393464
14.460470 21.855922 836.771978 2.670940 22.394853
14.460470 21.855922 836.771978 2.670940 22.396242
14.460470 21.855922 836.771978 2.670940 22.397631
14.460470 21.855922 836.771978 2.670940 22.399020
14.460470 21.855922 836.771978 2.670940 22.400409
14.460470 21.855922 836.771978 2.670940 22.401798
14.460470 21.855922 836.771978 2.670940 22.403186
14.440324 21.878816 836.758242 2.670940 22.404575
14.440324 21.878816 836.758242 2.670940 22.405964
14.440324 21.878816 836.758242 2.670940 22.407353
14.440324 21.878816 836.758242 2.670940 22.408742
14.440324 21.878816 836.758242 2.670940 22.410131
14.440324 21.878816 836.758242 2.670940 22.411520
14.440324 21.878816 836.758242 2.670940 22.412909
14.440324 21.878816 836.758242 2.670940 22.414298
14.440324 21.878816 836.758242 2.670940 22.415686
14.440324 21.878816 836.758242 2.670940 22.417075
14.440324 21.878816 836.758242 2.670940 22.418464
14.440324 21.878816 836.758242 2.670940 22.419853
14.430250 21.904762 836.744505 2.670940 22.421242
14.430250 21.904762 836.744505 2.670940 22.422631
14.430250 21.904762 836.744505 2.670940 22.424020
14.430250 21.904762 836.744505 2.670940 22.425409
14.430250 21.904762 836.744505 2.670940 22.426798
14.430250 21.904762 836.744505 2.670940 22.428186
14.430250 21.904762 836.744505 2.670940 22.429575
14.430250 21.904762 836.744505 2.670940 22.430964
14.430250 21.904762 836.744505 2.670940 22.432353
14.430250 21.904762 836.744505 2.670940 22.433742
14.430250 21.904762 836.744505 2.670940 22.435131
14.430250 21.904762 836.744505 2.670940 22.436520
14.418498 21.920024 836.730769 2.670940 22.437909
14.418498 21.920024 836.730769 2.670940 22.439298
14.418498 21.920024 836.730769 2.670940 22.440686
14.418498 21.920024 836.730769 2.670940 22.442075
14.418498 21.920024 836.730769 2.670940 22.443464
14.418498 21.920024 836.730769 2.670940 22.444853
14.418498 21.920024 836.730769 2.670940 22.446242
14.418498 21.920024 836.730769 2.670940 22.447631
14.418498 21.920024 836.730769 2.670940 22.449020
14.418498 21.920024 836.730769 2.670940 22.450409
14.418498 21.920024 836.730769 2.670940 22.451798
14.418498 21.920024 836.730769 2.670940 22.453186
14.408425 21.924603 836.703297 2.670940 22.454575
14.408425 21.924603 836.703297 2.670940 22.455964
14.408425 21.924603 836.703297 2.670940 22.457353
14.408425 21.924603 836.703297 2.670940 22.458742
14.408425 21.924603 836.703297 2.670940 22.460131
14.408425 21.924603 836.703297 2.670940 22.461520
14.408425 21.924603 836.703297 2.670940 22.462909
14.408425 21.924603 836.703297 2.670940 22.464298
14.408425 21.924603 836.703297 2.670940 22.465686
14.408425 21.924603 836.703297 2.670940 22.467075
14.408425 21.924603 836.703297 2.670940 22.468464
14.408425 21.924603 836.703297 2.670940 22.469853
14.396673 21.971917 836.689560 2.670940 22.471242
14.396673 21.971917 836.689560 2.670940 22.472631
14.396673 21.971917 836.689560 2.670940 22.474020
14.396673 21.971917 836.689560 2.670940 22.475409
14.396673 21.971917 836.689560 2.670940 22.476798
14.396673 21.971917 836.689560 2.670940 22.478186
14.396673 21.971917 836.689560 2.670940 22.479575
14.396673 21.971917 836.689560 2.670940 22.480964
14.396673 21.971917 836.689560 2.670940 22.482353
14.396673 21.971917 836.689560 2.670940 22.483742
14.396673 21.971917 836.689560 2.670940 22.485131
14.396673 21.971917 836.689560 2.670940 22.486520
14.391636 22.007021 836.662088 2.670940 22.487909
14.391636 22.007021 836.662088 2.670940 22.489298
14.391636 22.007021 836.662088 2.670940 22.490686
14.391636 22.007021 836.662088 2.670940 22.492075
14.391636 22.007021 836.662088 2.670940 22.493464
14.391636 22.007021 836.662088 2.670940 22.494853
14.391636 22.007021 836.662088 2.670940 22.496242
14.391636 22.007021 836.662088 2.670940 22.497631
14.391636 22.007021 836.662088 2.670940 22.499020
14.391636 22.007021 836.662088 2.670940 22.500409
14.391636 22.007021 836.662088 2.670940 22.501798
14.391636 22.007021 836.662088 2.670940 22.503186
14.400031 22.010073 836.648352 2.670940 22.504575
14.400031 22.010073 836.648352 2.670940 22.505964
14.400031 22.010073 836.648352 2.670940 22.507353
14.400031 22.010073 836.648352 2.670940 22.508742
14.400031 22.010073 836.648352 2.670940 22.510131
14.400031 22.010073 836.648352 2.670940 22.511520
14.400031 22.010073 836.648352 2.670940 22.512909
14.400031 22.010073 836.648352 2.670940 22.514298
14.400031 22.010073 836.648352 2.670940 22.515686
14.400031 22.010073 836.648352 2.670940 22.517075
14.400031 22.010073 836.648352 2.670940 22.518464
14.400031 22.010073 836.648352 2.670940 22.519853
14.411783 22.029915 836.634615 2.670940 22.521242
14.411783 22.029915 836.634615 2.670940 22.522631
14.411783 22.029915 836.634615 2.670940 22.524020
14.411783 22.029915 836.634615 2.670940 22.525409
14.411783 22.029915 836.634615 2.670940 22.526798
14.411783 22.029915 836.634615 2.670940 22.528186
14.411783 22.029915 836.634615 2.670940 22.529575
14.411783 22.029915 836.634615 2.670940 22.530964
14.411783 22.029915 836.634615 2.670940 22.532353
14.411783 22.029915 836.634615 2.670940 22.533742
14.411783 22.029915 836.634615 2.670940 22.535131
14.411783 22.029915 836.634615 2.670940 22.536520
14.425214 22.019231 836.620879 2.670940 22.537909
14.425214 22.019231 836.620879 2.670940 22.539298
14.425214 22.019231 836.620879 2.670940 22.540686
14.425214 22.019231 836.620879 2.670940 22.542075
14.425214 22.019231 836.620879 2.670940 22.543464
14.425214 22.019231 836.620879 2.670940 22.544853
14.425214 22.019231 836.620879 2.670940 22.546242
14.425214 22.019231 836.620879 2.670940 22.547631
14.425214 22.019231 836.620879 2.670940 22.549020
14.425214 22.019231 836.620879 2.670940 22.550409
14.425214 22.019231 836.620879 2.670940 22.551798
14.425214 22.019231 836.620879 2.670940 22.553186
14.443681 22.010073 836.620879 2.670940 22.554575
14.443681 22.010073 836.620879 2.670940 22.555964
14.443681 22.010073 836.620879 2.670940 22.557353
14.443681 22.010073 836.620879 2.670940 22.558742
14.443681 22.010073 836.620879 2.670940 22.560131
14.443681 22.010073 836.620879 2.670940 22.561520
14.443681 22.010073 836.620879 2.670940 22.562909
14.443681 22.010073 836.620879 2.670940 22.564298
14.443681 22.010073 836.620879 2.670940 22.565686
14.443681 22.010073 836.620879 2.670940 22.567075
14.443681 22.010073 836.620879 2.670940 22.568464
14.443681 22.010073 836.620879 2.670940 22.569853
14.458791 22.005495 836.607143 2.670940 22.571242
14.458791 22.005495 836.607143 2.670940 22.572631
14.458791 22.005495 836.607143 2.670940 22.574020
14.458791 22.005495 836.607143 2.670940 22.575409
14.458791 22.005495 836.607143 2.670940 22.576798
14.458791 22.005495 836.607143 2.670940 22.578186
14.458791 22.005495 836.607143 2.670940 22.579575
14.458791 22.005495 836.607143 2.670940 22.580964
14.458791 22.005495 836.607143 2.670940 22.582353
14.458791 22.005495 836.607143 2.670940 22.583742
14.458791 22.005495 836.607143 2.670940 22.585131
14.458791 22.005495 836.607143 2.670940 22.586520
14.468864 22.028388 836.593407 2.670940 22.587909
14.468864 22.028388 836.593407 2.670940 22.589298
14.468864 22.028388 836.593407 2.670940 22.590686
14.468864 22.028388 836.593407 2.670940 22.592075
14.468864 22.028388 836.593407 2.670940 22.593464
14.468864 22.028388 836.593407 2.670940 22.594853
14.468864 22.028388 836.593407 2.670940 22.596242
14.468864 22.028388 836.593407 2.670940 22.597631
14.468864 22.028388 836.593407 2.670940 22.599020
14.468864 22.028388 836.593407 2.670940 22.600409
14.468864 22.028388 836.593407 2.670940 22.601798
14.468864 22.028388 836.593407 2.670940 22.603186
14.480617 22.058913 836.565934 2.686203 22.604575
14.480617 22.058913 836.565934 2.686203 22.605964
14.480617 22.058913 836.565934 2.686203 22.607353
14.480617 22.058913 836.565934 2.686203 22.608742
14.480617 22.058913 836.565934 2.686203 22.610131
14.480617 22.058913 836.565934 2.686203 22.611520
14.480617 22.058913 836.565934 2.686203 22.612909
14.480617 22.058913 836.565934 2.686203 22.614298
14.480617 22.058913 836.565934 2.686203 22.615686
14.480617 22.058913 836.565934 2.686203 22.617075
14.480617 22.058913 836.565934 2.686203 22.618464
14.480617 22.058913 836.565934 2.686203 22.619853
14.490690 22.113858 836.565934 2.686203 22.621242
14.490690 22.113858 836.565934 2.686203 22.622631
14.490690 22.113858 836.565934 2.686203 22.624020
14.490690 22.113858 836.565934 2.686203 22.625409
14.490690 22.113858 836.565934 2.686203 22.626798
14.490690 22.113858 836.565934 2.686203 22.628186
14.490690 22.113858 836.565934 2.686203 22.629575
14.490690 22.113858 836.565934 2.686203 22.630964
14.490690 22.113858 836.565934 2.686203 22.632353
14.490690 22.113858 836.565934 2.686203 22.633742
14.490690 22.113858 836.565934 2.686203 22.635131
14.490690 22.113858 836.565934 2.686203 22.636520
14.500763 22.086386 836.538462 2.686203 22.637909
14.500763 22.086386 836.538462 2.686203 22.639298
14.500763 22.086386 836.538462 2.686203 22.640686
14.500763 22.086386 836.538462 2.686203 22.642075
14.500763 22.086386 836.538462 2.686203 22.643464
14.500763 22.086386 836.538462 2.686203 22.644853
14.500763 22.086386 836.538462 2.686203 22.646242
14.500763 22.086386 836.538462 2.686203 22.647631
14.500763 22.086386 836.538462 2.686203 22.649020
14.500763 22.086386 836.538462 2.686203 22.650409
14.500763 22.086386 836.538462 2.686203 22.651798
14.500763 22.086386 836.538462 2.686203 22.653186
14.505800 22.063492 836.524725 2.686203 22.654575
14.505800 22.063492 836.524725 2.686203 22.655964
14.505800 22.063492 836.524725 2.686203 22.657353
14.505800 22.063492 836.524725 2.686203 22.658742
14.505800 22.063492 836.524725 2.686203 22.660131
14.505800 22.063492 836.524725 2.686203 22.661520
14.505800 22.063492 836.524725 2.686203 22.662909
14.505800 22.063492 836.524725 2.686203 22.664298
14.505800 22.063492 836.524725 2.686203 22.665686
14.505800 22.063492 836.524725 2.686203 22.667075
14.505800 22.063492 836.524725 2.686203 22.668464
14.505800 22.063492 836.524725 2.686203 22.669853
14.502442 22.069597 836.510989 2.686203 22.671242
14.502442 22.069597 836.510989 2.686203 22.672631
14.502442 22.069597 836.510989 2.686203 22.674020
14.502442 22.069597 836.510989 2.686203 22.675409
14.502442 22.069597 836.510989 2.686203 22.676798
14.502442 22.069597 836.510989 2.686203 22.678186
14.502442 22.069597 836.510989 2.686203 22.679575
14.502442 22.069597 836.510989 2.686203 22.680964
14.502442 22.069597 836.510989 2.686203 22.682353
14.502442 22.069597 836.510989 2.686203 22.683742
14.502442 22.069597 836.510989 2.686203 22.685131
14.502442 22.069597 836.510989 2.686203 22.686520
14.490690 22.052808 836.497253 2.686203 22.687909
14.490690 22.052808 836.497253 2.686203 22.689298
14.490690 22.052808 836.497253 2.686203 22.690686
14.490690 22.052808 836.497253 2.686203 22.692075
14.490690 22.052808 836.497253 2.686203 22.693464
14.490690 22.052808 836.497253 2.686203 22.694853
14.490690 22.052808 836.497253 2.686203 22.696242
14.490690 22.052808 836.497253 2.686203 22.697631
14.490690 22.052808 836.497253 2.686203 22.699020
14.490690 22.052808 836.497253 2.686203 22.700409
14.490690 22.052808 836.497253 2.686203 22.701798
14.490690 22.052808 836.497253 2.686203 22.703186
14.480617 22.061966 836.497253 2.670940 22.704575
14.480617 22.061966 836.497253 2.670940 22.705964
14.480617 22.061966 836.497253 2.670940 22.707353
14.480617 22.061966 836.497253 2.670940 22.708742
14.480617 22.061966 836.497253 2.670940 22.710131
14.480617 22.061966 836.497253 2.670940 22.711520
14.480617 22.061966 836.497253 2.670940 22.712909
14.480617 22.061966 836.497253 2.670940 22.714298
14.480617 22.061966 836.497253 2.670940 22.715686
14.480617 22.061966 836.497253 2.670940 22.717075
14.480617 22.061966 836.497253 2.670940 22.718464
14.480617 22.061966 836.497253 2.670940 22.719853
14.468864 22.101648 836.483516 2.670940 22.721242
14.468864 22.101648 836.483516 2.670940 22.722631
14.468864 22.101648 836.483516 2.670940 22.724020
14.468864 22.101648 836.483516 2.670940 22.725409
14.468864 22.101648 836.483516 2.670940 22.726798
14.468864 22.101648 836.483516 2.670940 22.728186
14.468864 22.101648 836.483516 2.670940 22.729575
14.468864 22.101648 836.483516 2.670940 22.730964
14.468864 22.101648 836.483516 2.670940 22.732353
14.468864 22.101648 836.483516 2.670940 22.733742
14.468864 22.101648 836.483516 2.670940 22.735131
14.468864 22.101648 836.483516 2.670940 22.736520
14.458791 22.119963 836.469780 2.670940 22.737909
14.458791 22.119963 836.469780 2.670940 22.739298
14.458791 22.119963 836.469780 2.670940 22.740686
14.458791 22.119963 836.469780 2.670940 22.742075
14.458791 22.119963 836.469780 2.670940 22.743464
14.458791 22.119963 836.469780 2.670940 22.744853
14.458791 22.119963 836.469780 2.670940 22.746242
14.458791 22.119963 836.469780 2.670940 22.747631
14.458791 22.119963 836.469780 2.670940 22.749020
14.458791 22.119963 836.469780 2.670940 22.750409
14.458791 22.119963 836.469780 2.670940 22.751798
14.458791 22.119963 836.469780 2.670940 22.753186
14.448718 22.110806 836.469780 2.670940 22.754575
14.448718 22.110806 836.469780 2.670940 22.755976
14.448718 22.110806 836.469780 2.670940 22.757365
14.448718 22.110806 836.469780 2.670940 22.758759
