9.714286 37.760989 834.299451 3.373016 23.278188
9.714286 37.760989 834.299451 3.373016 23.279577
9.714286 37.760989 834.299451 3.373016 23.280965
9.714286 37.760989 834.299451 3.373016 23.282354
9.714286 37.760989 834.299451 3.373016 23.283743
9.714286 37.760989 834.299451 3.373016 23.285132
9.714286 37.760989 834.299451 3.373016 23.286521
9.714286 37.760989 834.299451 3.373016 23.287910
9.714286 37.760989 834.299451 3.373016 23.289301
9.714286 37.760989 834.299451 3.373016 23.290690
9.714286 37.760989 834.299451 3.373016 23.292079
9.633700 37.896825 834.285714 3.373016 23.293468
9.633700 37.896825 834.285714 3.373016 23.294857
9.633700 37.896825 834.285714 3.373016 23.296246
9.633700 37.896825 834.285714 3.373016 23.297635
9.633700 37.896825 834.285714 3.373016 23.299024
9.633700 37.896825 834.285714 3.373016 23.300412
9.633700 37.896825 834.285714 3.373016 23.301801
9.633700 37.896825 834.285714 3.373016 23.303190
9.633700 37.896825 834.285714 3.373016 23.304579
9.633700 37.896825 834.285714 3.373016 23.305968
9.633700 37.896825 834.285714 3.373016 23.307357
9.633700 37.896825 834.285714 3.373016 23.308746
9.551435 38.058608 834.258242 3.357753 23.310135
9.551435 38.058608 834.258242 3.357753 23.311523
9.551435 38.058608 834.258242 3.357753 23.312912
9.551435 38.058608 834.258242 3.357753 23.314301
9.551435 38.058608 834.258242 3.357753 23.315690
9.551435 38.058608 834.258242 3.357753 23.317079
9.551435 38.058608 834.258242 3.357753 23.318468
9.551435 38.058608 834.258242 3.357753 23.319857
9.551435 38.058608 834.258242 3.357753 23.321246
9.551435 38.058608 834.258242 3.357753 23.322635
9.551435 38.058608 834.258242 3.357753 23.324024
9.551435 38.058608 834.258242 3.357753 23.325413
9.469170 38.231074 834.258242 3.357753 23.326802
9.469170 38.231074 834.258242 3.357753 23.328190
9.469170 38.231074 834.258242 3.357753 23.329579
9.469170 38.231074 834.258242 3.357753 23.330968
9.469170 38.231074 834.258242 3.357753 23.332357
9.469170 38.231074 834.258242 3.357753 23.333746
9.469170 38.231074 834.258242 3.357753 23.335135
9.469170 38.231074 834.258242 3.357753 23.336524
9.469170 38.231074 834.258242 3.357753 23.337913
9.469170 38.231074 834.258242 3.357753 23.339302
9.469170 38.231074 834.258242 3.357753 23.340690
9.469170 38.231074 834.258242 3.357753 23.342079
9.386905 38.389805 834.244505 3.357753 23.343468
9.386905 38.389805 834.244505 3.357753 23.344857
9.386905 38.389805 834.244505 3.357753 23.346246
9.386905 38.389805 834.244505 3.357753 23.347635
9.386905 38.389805 834.244505 3.357753 23.349024
9.386905 38.389805 834.244505 3.357753 23.350413
9.386905 38.389805 834.244505 3.357753 23.351802
9.386905 38.389805 834.244505 3.357753 23.353191
9.386905 38.389805 834.244505 3.357753 23.354580
9.386905 38.389805 834.244505 3.357753 23.355968
9.386905 38.389805 834.244505 3.357753 23.357357
9.386905 38.389805 834.244505 3.357753 23.358746
9.314713 38.545482 834.217033 3.357753 23.360135
9.314713 38.545482 834.217033 3.357753 23.361524
9.314713 38.545482 834.217033 3.357753 23.362913
9.314713 38.545482 834.217033 3.357753 23.364302
9.314713 38.545482 834.217033 3.357753 23.365691
9.314713 38.545482 834.217033 3.357753 23.367080
9.314713 38.545482 834.217033 3.357753 23.368468
9.314713 38.545482 834.217033 3.357753 23.369857
9.314713 38.545482 834.217033 3.357753 23.371246
9.314713 38.545482 834.217033 3.357753 23.372635
9.314713 38.545482 834.217033 3.357753 23.374024
9.314713 38.545482 834.217033 3.357753 23.375413
9.242521 38.666056 834.203297 3.357753 23.376802
9.242521 38.666056 834.203297 3.357753 23.378191
9.242521 38.666056 834.203297 3.357753 23.379588
9.242521 38.666056 834.203297 3.357753 23.380977
9.242521 38.666056 834.203297 3.357753 23.382366
9.242521 38.666056 834.203297 3.357753 23.383755
9.242521 38.666056 834.203297 3.357753 23.385144
9.242521 38.666056 834.203297 3.357753 23.386533
9.242521 38.666056 834.203297 3.357753 23.387922
9.242521 38.666056 834.203297 3.357753 23.389311
9.242521 38.666056 834.203297 3.357753 23.390700
9.242521 38.666056 834.203297 3.357753 23.392088
9.195513 38.739316 834.189560 3.357753 23.393477
9.195513 38.739316 834.189560 3.357753 23.394866
9.195513 38.739316 834.189560 3.357753 23.396255
9.195513 38.739316 834.189560 3.357753 23.397644
9.195513 38.739316 834.189560 3.357753 23.399033
9.195513 38.739316 834.189560 3.357753 23.400422
9.195513 38.739316 834.189560 3.357753 23.401811
9.195513 38.739316 834.189560 3.357753 23.403200
9.195513 38.739316 834.189560 3.357753 23.404588
9.195513 38.739316 834.189560 3.357753 23.405977
9.195513 38.739316 834.189560 3.357753 23.407366
9.195513 38.739316 834.189560 3.357753 23.408755
9.166972 38.769841 834.162088 3.357753 23.410144
9.166972 38.769841 834.162088 3.357753 23.411533
9.166972 38.769841 834.162088 3.357753 23.412922
9.166972 38.769841 834.162088 3.357753 23.414311
9.166972 38.769841 834.162088 3.357753 23.415700
9.166972 38.769841 834.162088 3.357753 23.417088
9.166972 38.769841 834.162088 3.357753 23.418477
9.166972 38.769841 834.162088 3.357753 23.419866
9.166972 38.769841 834.162088 3.357753 23.421255
9.166972 38.769841 834.162088 3.357753 23.422644
9.166972 38.769841 834.162088 3.357753 23.424033
9.166972 38.769841 834.162088 3.357753 23.425422
9.136752 38.835470 834.162088 3.357753 23.426811
9.136752 38.835470 834.162088 3.357753 23.428200
9.136752 38.835470 834.162088 3.357753 23.429588
9.136752 38.835470 834.162088 3.357753 23.430977
9.136752 38.835470 834.162088 3.357753 23.432366
9.136752 38.835470 834.162088 3.357753 23.433755
9.136752 38.835470 834.162088 3.357753 23.435144
9.136752 38.835470 834.162088 3.357753 23.436533
9.136752 38.835470 834.162088 3.357753 23.437922
9.136752 38.835470 834.162088 3.357753 23.439311
9.136752 38.835470 834.162088 3.357753 23.440700
9.136752 38.835470 834.162088 3.357753 23.442088
9.101496 38.946886 834.162088 3.357753 23.443477
9.101496 38.946886 834.162088 3.357753 23.444866
9.101496 38.946886 834.162088 3.357753 23.446256
9.101496 38.946886 834.162088 3.357753 23.447645
9.101496 38.946886 834.162088 3.357753 23.449033
9.101496 38.946886 834.162088 3.357753 23.450422
9.101496 38.946886 834.162088 3.357753 23.451811
9.101496 38.946886 834.162088 3.357753 23.453200
9.101496 38.946886 834.162088 3.357753 23.454589
9.101496 38.946886 834.162088 3.357753 23.455982
9.101496 38.946886 834.162088 3.357753 23.457375
9.101496 38.946886 834.162088 3.357753 23.458765
9.056166 39.096459 834.162088 3.357753 23.460155
9.056166 39.096459 834.162088 3.357753 23.461543
