10.993590 29.783272 835.769231 2.838828 1.341058
10.993590 29.783272 835.769231 2.838828 1.341153
10.993590 29.783272 835.769231 2.838828 1.342542
10.993590 29.783272 835.769231 2.838828 1.343931
10.993590 29.783272 835.769231 2.838828 1.345320
10.993590 29.783272 835.769231 2.838828 1.346709
10.993590 29.783272 835.769231 2.838828 1.348098
10.993590 29.783272 835.769231 2.838828 1.349487
10.993590 29.783272 835.769231 2.838828 1.350876
10.993590 29.783272 835.769231 2.838828 1.352265
11.027167 29.699328 835.769231 2.838828 1.353653
11.027167 29.699328 835.769231 2.838828 1.355042
11.027167 29.699328 835.769231 2.838828 1.356431
11.027167 29.699328 835.769231 2.838828 1.357820
11.027167 29.699328 835.769231 2.838828 1.359209
11.027167 29.699328 835.769231 2.838828 1.360598
11.027167 29.699328 835.769231 2.838828 1.361987
11.027167 29.699328 835.769231 2.838828 1.363376
11.027167 29.699328 835.769231 2.838828 1.364765
11.027167 29.699328 835.769231 2.838828 1.366153
11.027167 29.699328 835.769231 2.838828 1.367542
11.027167 29.699328 835.769231 2.838828 1.368931
11.060745 29.624542 835.769231 2.838828 1.370320
11.060745 29.624542 835.769231 2.838828 1.371709
11.060745 29.624542 835.769231 2.838828 1.373098
