-1.970696 90.753968 837.843407 3.556166 12.047979
-1.970696 90.753968 837.843407 3.556166 12.048073
-1.970696 90.753968 837.843407 3.556166 12.049462
-1.970696 90.753968 837.843407 3.556166 12.050851
-1.970696 90.753968 837.843407 3.556166 12.052240
-1.974054 90.830281 837.870879 3.556166 12.053629
-1.974054 90.830281 837.870879 3.556166 12.055018
-1.974054 90.830281 837.870879 3.556166 12.056406
-1.974054 90.830281 837.870879 3.556166 12.057795
-1.974054 90.830281 837.870879 3.556166 12.059184
-1.974054 90.830281 837.870879 3.556166 12.060573
-1.974054 90.830281 837.870879 3.556166 12.061962
-1.974054 90.830281 837.870879 3.556166 12.063351
-1.974054 90.830281 837.870879 3.556166 12.064740
-1.974054 90.830281 837.870879 3.556166 12.066129
-1.974054 90.830281 837.870879 3.556166 12.067518
-1.974054 90.830281 837.870879 3.556166 12.068906
-1.982448 90.889805 837.870879 3.556166 12.070295
-1.982448 90.889805 837.870879 3.556166 12.071684
-1.982448 90.889805 837.870879 3.556166 12.073073
-1.982448 90.889805 837.870879 3.556166 12.074462
-1.982448 90.889805 837.870879 3.556166 12.075851
-1.982448 90.889805 837.870879 3.556166 12.077240
-1.982448 90.889805 837.870879 3.556166 12.078629
-1.982448 90.889805 837.870879 3.556166 12.080018
-1.982448 90.889805 837.870879 3.556166 12.081406
-1.982448 90.889805 837.870879 3.556166 12.082795
-1.982448 90.889805 837.870879 3.556166 12.084184
-1.982448 90.889805 837.870879 3.556166 12.085573
-2.002595 90.941697 837.843407 3.556166 12.086962
-2.002595 90.941697 837.843407 3.556166 12.088351
-2.002595 90.941697 837.843407 3.556166 12.089740
-2.002595 90.941697 837.843407 3.556166 12.091129
-2.002595 90.941697 837.843407 3.556166 12.092518
-2.002595 90.941697 837.843407 3.556166 12.093906
-2.002595 90.941697 837.843407 3.556166 12.095295
-2.002595 90.941697 837.843407 3.556166 12.096687
-2.002595 90.941697 837.843407 3.556166 12.098076
-2.002595 90.941697 837.843407 3.556166 12.099465
-2.002595 90.941697 837.843407 3.556166 12.100854
-2.002595 90.941697 837.843407 3.556166 12.102243
-2.009310 91.013431 837.843407 3.556166 12.103632
-2.009310 91.013431 837.843407 3.556166 12.105021
-2.009310 91.013431 837.843407 3.556166 12.106410
-2.009310 91.013431 837.843407 3.556166 12.107798
-2.009310 91.013431 837.843407 3.556166 12.109187
-2.009310 91.013431 837.843407 3.556166 12.110576
-2.009310 91.013431 837.843407 3.556166 12.111965
-2.009310 91.013431 837.843407 3.556166 12.113354
-2.009310 91.013431 837.843407 3.556166 12.114743
-2.009310 91.013431 837.843407 3.556166 12.116132
-2.009310 91.013431 837.843407 3.556166 12.117521
-2.009310 91.013431 837.843407 3.556166 12.118910
-2.022741 91.082112 837.870879 3.556166 12.120298
-2.022741 91.082112 837.870879 3.556166 12.121687
-2.022741 91.082112 837.870879 3.556166 12.123076
-2.022741 91.082112 837.870879 3.556166 12.124465
-2.022741 91.082112 837.870879 3.556166 12.125854
-2.022741 91.082112 837.870879 3.556166 12.127243
-2.022741 91.082112 837.870879 3.556166 12.128632
-2.022741 91.082112 837.870879 3.556166 12.130021
-2.022741 91.082112 837.870879 3.556166 12.131410
-2.022741 91.082112 837.870879 3.556166 12.132798
-2.022741 91.082112 837.870879 3.556166 12.134187
-2.022741 91.082112 837.870879 3.556166 12.135576
-2.031136 91.149267 837.925824 3.556166 12.136965
-2.031136 91.149267 837.925824 3.556166 12.138354
-2.031136 91.149267 837.925824 3.556166 12.139743
-2.031136 91.149267 837.925824 3.556166 12.141132
-2.031136 91.149267 837.925824 3.556166 12.142521
-2.031136 91.149267 837.925824 3.556166 12.143910
-2.031136 91.149267 837.925824 3.556166 12.145298
-2.031136 91.149267 837.925824 3.556166 12.146687
-2.031136 91.149267 837.925824 3.556166 12.148076
-2.031136 91.149267 837.925824 3.556166 12.149465
-2.031136 91.149267 837.925824 3.556166 12.150854
-2.031136 91.149267 837.925824 3.556166 12.152243
-2.046245 91.192002 837.994505 3.556166 12.153632
-2.046245 91.192002 837.994505 3.556166 12.155021
-2.046245 91.192002 837.994505 3.556166 12.156410
-2.046245 91.192002 837.994505 3.556166 12.157798
-2.046245 91.192002 837.994505 3.556166 12.159187
-2.046245 91.192002 837.994505 3.556166 12.160576
-2.046245 91.192002 837.994505 3.556166 12.161965
-2.046245 91.192002 837.994505 3.556166 12.163354
-2.046245 91.192002 837.994505 3.556166 12.164743
-2.046245 91.192002 837.994505 3.556166 12.166132
-2.046245 91.192002 837.994505 3.556166 12.167521
-2.046245 91.192002 837.994505 3.556166 12.168910
-2.069750 91.225580 838.021978 3.540904 12.170298
-2.069750 91.225580 838.021978 3.540904 12.171687
-2.069750 91.225580 838.021978 3.540904 12.173076
-2.069750 91.225580 838.021978 3.540904 12.174465
-2.069750 91.225580 838.021978 3.540904 12.175854
-2.069750 91.225580 838.021978 3.540904 12.177243
-2.069750 91.225580 838.021978 3.540904 12.178632
-2.069750 91.225580 838.021978 3.540904 12.180021
-2.069750 91.225580 838.021978 3.540904 12.181410
-2.069750 91.225580 838.021978 3.540904 12.182798
-2.069750 91.225580 838.021978 3.540904 12.184187
-2.069750 91.225580 838.021978 3.540904 12.185576
-2.099969 91.266789 838.063187 3.540904 12.186965
-2.099969 91.266789 838.063187 3.540904 12.188354
-2.099969 91.266789 838.063187 3.540904 12.189743
-2.099969 91.266789 838.063187 3.540904 12.191132
-2.099969 91.266789 838.063187 3.540904 12.192521
-2.099969 91.266789 838.063187 3.540904 12.193910
-2.099969 91.266789 838.063187 3.540904 12.195298
-2.099969 91.266789 838.063187 3.540904 12.196687
-2.099969 91.266789 838.063187 3.540904 12.198076
-2.099969 91.266789 838.063187 3.540904 12.199465
-2.099969 91.266789 838.063187 3.540904 12.200854
-2.099969 91.266789 838.063187 3.540904 12.202243
-2.121795 91.317155 838.049451 3.540904 12.203632
-2.121795 91.317155 838.049451 3.540904 12.205021
-2.121795 91.317155 838.049451 3.540904 12.206410
-2.121795 91.317155 838.049451 3.540904 12.207798
-2.121795 91.317155 838.049451 3.540904 12.209187
-2.121795 91.317155 838.049451 3.540904 12.210576
-2.121795 91.317155 838.049451 3.540904 12.211965
-2.121795 91.317155 838.049451 3.540904 12.213354
-2.121795 91.317155 838.049451 3.540904 12.214743
-2.121795 91.317155 838.049451 3.540904 12.216132
-2.121795 91.317155 838.049451 3.540904 12.217521
-2.121795 91.317155 838.049451 3.540904 12.218910
-2.143620 91.375153 838.035714 3.540904 12.220298
-2.143620 91.375153 838.035714 3.540904 12.221687
-2.143620 91.375153 838.035714 3.540904 12.223076
-2.143620 91.375153 838.035714 3.540904 12.224465
-2.143620 91.375153 838.035714 3.540904 12.225854
-2.143620 91.375153 838.035714 3.540904 12.227243
-2.143620 91.375153 838.035714 3.540904 12.228632
-2.143620 91.375153 838.035714 3.540904 12.230021
-2.143620 91.375153 838.035714 3.540904 12.231410
