2.928266 62.182540 834.450549 3.464591 18.366793
2.928266 62.182540 834.450549 3.464591 18.368182
2.928266 62.182540 834.450549 3.464591 18.369571
2.928266 62.182540 834.450549 3.464591 18.370960
3.040751 61.724664 834.436813 3.464591 18.372348
3.040751 61.724664 834.436813 3.464591 18.373737
3.040751 61.724664 834.436813 3.464591 18.375126
3.040751 61.724664 834.436813 3.464591 18.376515
3.040751 61.724664 834.436813 3.464591 18.377904
3.040751 61.724664 834.436813 3.464591 18.379293
3.040751 61.724664 834.436813 3.464591 18.380682
