11.070818 29.656593 835.755495 2.869353 1.422036
11.070818 29.656593 835.755495 2.869353 1.422130
11.070818 29.656593 835.755495 2.869353 1.423519
11.070818 29.656593 835.755495 2.869353 1.424908
11.070818 29.656593 835.755495 2.869353 1.426296
11.070818 29.656593 835.755495 2.869353 1.427685
11.070818 29.656593 835.755495 2.869353 1.429074
11.070818 29.656593 835.755495 2.869353 1.430463
11.070818 29.656593 835.755495 2.869353 1.431852
11.070818 29.656593 835.755495 2.869353 1.433241
11.070818 29.656593 835.755495 2.869353 1.434630
