10.921398 28.778999 835.590659 2.686203 1.646330
10.921398 28.778999 835.590659 2.686203 1.646424
10.921398 28.778999 835.590659 2.686203 1.647813
10.921398 28.778999 835.590659 2.686203 1.649201
10.921398 28.778999 835.590659 2.686203 1.650590
10.921398 28.778999 835.590659 2.686203 1.651979
10.902930 28.656899 835.576923 2.686203 1.653368
10.902930 28.656899 835.576923 2.686203 1.654757
10.902930 28.656899 835.576923 2.686203 1.656146
10.902930 28.656899 835.576923 2.686203 1.657535
10.902930 28.656899 835.576923 2.686203 1.658924
10.902930 28.656899 835.576923 2.686203 1.660313
10.902930 28.656899 835.576923 2.686203 1.661701
10.902930 28.656899 835.576923 2.686203 1.663090
10.902930 28.656899 835.576923 2.686203 1.664479
10.902930 28.656899 835.576923 2.686203 1.665868
10.902930 28.656899 835.576923 2.686203 1.667257
10.902930 28.656899 835.576923 2.686203 1.668646
10.842491 28.719475 835.590659 2.686203 1.670035
10.842491 28.719475 835.590659 2.686203 1.671424
10.842491 28.719475 835.590659 2.686203 1.672813
10.842491 28.719475 835.590659 2.686203 1.674201
10.842491 28.719475 835.590659 2.686203 1.675590
10.842491 28.719475 835.590659 2.686203 1.676979
10.842491 28.719475 835.590659 2.686203 1.678368
10.842491 28.719475 835.590659 2.686203 1.679758
10.842491 28.719475 835.590659 2.686203 1.681147
10.842491 28.719475 835.590659 2.686203 1.682536
10.842491 28.719475 835.590659 2.686203 1.683925
10.842491 28.719475 835.590659 2.686203 1.685314
10.770299 28.925519 835.604396 2.686203 1.686703
10.770299 28.925519 835.604396 2.686203 1.688092
10.770299 28.925519 835.604396 2.686203 1.689481
10.770299 28.925519 835.604396 2.686203 1.690870
10.770299 28.925519 835.604396 2.686203 1.692258
10.770299 28.925519 835.604396 2.686203 1.693647
10.770299 28.925519 835.604396 2.686203 1.695036
10.770299 28.925519 835.604396 2.686203 1.696425
10.770299 28.925519 835.604396 2.686203 1.697814
10.770299 28.925519 835.604396 2.686203 1.699203
10.770299 28.925519 835.604396 2.686203 1.700592
10.770299 28.925519 835.604396 2.686203 1.701981
10.672924 29.255189 835.618132 2.686203 1.703370
10.672924 29.255189 835.618132 2.686203 1.704758
10.672924 29.255189 835.618132 2.686203 1.706147
10.672924 29.255189 835.618132 2.686203 1.707536
10.672924 29.255189 835.618132 2.686203 1.708925
10.672924 29.255189 835.618132 2.686203 1.710314
10.672924 29.255189 835.618132 2.686203 1.711703
10.672924 29.255189 835.618132 2.686203 1.713092
10.672924 29.255189 835.618132 2.686203 1.714481
10.672924 29.255189 835.618132 2.686203 1.715870
10.672924 29.255189 835.618132 2.686203 1.717259
10.672924 29.255189 835.618132 2.686203 1.718648
10.533578 29.584860 835.604396 2.686203 1.720037
10.533578 29.584860 835.604396 2.686203 1.721425
10.533578 29.584860 835.604396 2.686203 1.722814
10.533578 29.584860 835.604396 2.686203 1.724203
10.533578 29.584860 835.604396 2.686203 1.725592
10.533578 29.584860 835.604396 2.686203 1.726981
10.533578 29.584860 835.604396 2.686203 1.728370
10.533578 29.584860 835.604396 2.686203 1.729759
10.533578 29.584860 835.604396 2.686203 1.731148
10.533578 29.584860 835.604396 2.686203 1.732537
10.533578 29.584860 835.604396 2.686203 1.733925
10.533578 29.584860 835.604396 2.686203 1.735314
10.409341 29.813797 835.604396 2.686203 1.736703
10.409341 29.813797 835.604396 2.686203 1.738092
10.409341 29.813797 835.604396 2.686203 1.739481
10.409341 29.813797 835.604396 2.686203 1.740870
10.409341 29.813797 835.604396 2.686203 1.742259
10.409341 29.813797 835.604396 2.686203 1.743648
10.409341 29.813797 835.604396 2.686203 1.745037
10.409341 29.813797 835.604396 2.686203 1.746425
10.409341 29.813797 835.604396 2.686203 1.747814
10.409341 29.813797 835.604396 2.686203 1.749203
10.409341 29.813797 835.604396 2.686203 1.750592
10.409341 29.813797 835.604396 2.686203 1.751981
10.285104 30.190781 835.604396 2.686203 1.753370
10.285104 30.190781 835.604396 2.686203 1.754759
10.285104 30.190781 835.604396 2.686203 1.756148
10.285104 30.190781 835.604396 2.686203 1.757537
10.285104 30.190781 835.604396 2.686203 1.758925
10.285104 30.190781 835.604396 2.686203 1.760315
10.285104 30.190781 835.604396 2.686203 1.761703
10.285104 30.190781 835.604396 2.686203 1.763092
10.285104 30.190781 835.604396 2.686203 1.764481
10.285104 30.190781 835.604396 2.686203 1.765870
10.285104 30.190781 835.604396 2.686203 1.767259
10.285104 30.190781 835.604396 2.686203 1.768648
10.140720 30.616606 835.590659 2.686203 1.770037
10.140720 30.616606 835.590659 2.686203 1.771426
10.140720 30.616606 835.590659 2.686203 1.772815
10.140720 30.616606 835.590659 2.686203 1.774203
10.140720 30.616606 835.590659 2.686203 1.775592
10.140720 30.616606 835.590659 2.686203 1.776981
10.140720 30.616606 835.590659 2.686203 1.778370
10.140720 30.616606 835.590659 2.686203 1.779759
10.140720 30.616606 835.590659 2.686203 1.781148
