10.988553 30.245726 835.782967 2.838828 1.294112
10.988553 30.245726 835.782967 2.838828 1.294207
10.988553 30.245726 835.782967 2.838828 1.295596
10.988553 30.245726 835.782967 2.838828 1.296985
10.988553 30.245726 835.782967 2.838828 1.298374
10.988553 30.245726 835.782967 2.838828 1.299763
10.988553 30.245726 835.782967 2.838828 1.301152
10.988553 30.245726 835.782967 2.838828 1.302540
10.960012 30.315934 835.782967 2.838828 1.303929
10.960012 30.315934 835.782967 2.838828 1.305318
10.960012 30.315934 835.782967 2.838828 1.306707
10.960012 30.315934 835.782967 2.838828 1.308096
10.960012 30.315934 835.782967 2.838828 1.309485
10.960012 30.315934 835.782967 2.838828 1.310874
10.960012 30.315934 835.782967 2.838828 1.312263
10.960012 30.315934 835.782967 2.838828 1.313651
10.960012 30.315934 835.782967 2.838828 1.315040
10.960012 30.315934 835.782967 2.838828 1.316429
10.960012 30.315934 835.782967 2.838828 1.317818
10.960012 30.315934 835.782967 2.838828 1.319207
10.960012 30.132784 835.769231 2.838828 1.320596
10.960012 30.132784 835.769231 2.838828 1.321985
10.960012 30.132784 835.769231 2.838828 1.323374
10.960012 30.132784 835.769231 2.838828 1.324763
10.960012 30.132784 835.769231 2.838828 1.326151
10.960012 30.132784 835.769231 2.838828 1.327541
10.960012 30.132784 835.769231 2.838828 1.328930
10.960012 30.132784 835.769231 2.838828 1.330319
10.960012 30.132784 835.769231 2.838828 1.331708
10.960012 30.132784 835.769231 2.838828 1.333097
10.960012 30.132784 835.769231 2.838828 1.334486
10.960012 30.132784 835.769231 2.838828 1.335876
10.993590 29.783272 835.769231 2.838828 1.337265
10.993590 29.783272 835.769231 2.838828 1.338654
