2.045177 64.980159 835.412088 3.403541 23.601764
2.045177 64.980159 835.412088 3.403541 23.603153
2.045177 64.980159 835.412088 3.403541 23.604542
2.023352 64.922161 835.412088 3.373016 23.605931
2.023352 64.922161 835.412088 3.373016 23.607320
2.023352 64.922161 835.412088 3.373016 23.608708
2.023352 64.922161 835.412088 3.373016 23.610097
2.023352 64.922161 835.412088 3.373016 23.611486
2.023352 64.922161 835.412088 3.373016 23.612875
2.023352 64.922161 835.412088 3.373016 23.614264
2.023352 64.922161 835.412088 3.373016 23.615653
2.023352 64.922161 835.412088 3.373016 23.617042
2.023352 64.922161 835.412088 3.373016 23.618431
2.023352 64.922161 835.412088 3.373016 23.619820
2.023352 64.922161 835.412088 3.373016 23.621208
1.996490 64.818376 835.425824 3.373016 23.622597
1.996490 64.818376 835.425824 3.373016 23.623986
1.996490 64.818376 835.425824 3.373016 23.625375
1.996490 64.818376 835.425824 3.373016 23.626764
1.996490 64.818376 835.425824 3.373016 23.628153
1.996490 64.818376 835.425824 3.373016 23.629542
1.996490 64.818376 835.425824 3.373016 23.630931
1.996490 64.818376 835.425824 3.373016 23.632320
1.996490 64.818376 835.425824 3.373016 23.633708
1.996490 64.818376 835.425824 3.373016 23.635097
1.996490 64.818376 835.425824 3.373016 23.636486
1.996490 64.818376 835.425824 3.373016 23.637875
1.967949 64.768010 835.439560 3.373016 23.639264
1.967949 64.768010 835.439560 3.373016 23.640653
1.967949 64.768010 835.439560 3.373016 23.642042
1.967949 64.768010 835.439560 3.373016 23.643431
1.967949 64.768010 835.439560 3.373016 23.644937
