1.353480 64.768010 835.549451 3.235653 0.215087
1.353480 64.768010 835.549451 3.235653 0.216476
1.353480 64.768010 835.549451 3.235653 0.217865
1.353480 64.768010 835.549451 3.235653 0.219254
1.353480 64.768010 835.549451 3.235653 0.220643
1.353480 64.768010 835.549451 3.235653 0.222031
1.336691 64.815324 835.563187 3.235653 0.223420
1.336691 64.815324 835.563187 3.235653 0.224809
1.336691 64.815324 835.563187 3.235653 0.226198
1.336691 64.815324 835.563187 3.235653 0.227587
1.336691 64.815324 835.563187 3.235653 0.228976
1.336691 64.815324 835.563187 3.235653 0.230365
1.336691 64.815324 835.563187 3.235653 0.231754
1.336691 64.815324 835.563187 3.235653 0.233143
1.336691 64.815324 835.563187 3.235653 0.234531
