14.448718 22.110806 836.469780 2.670940 22.768206
14.448718 22.110806 836.469780 2.670940 22.768301
14.448718 22.110806 836.469780 2.670940 22.769690
14.431929 22.109280 836.469780 2.670940 22.771079
14.431929 22.109280 836.469780 2.670940 22.772468
14.431929 22.109280 836.469780 2.670940 22.773857
14.431929 22.109280 836.469780 2.670940 22.775246
14.431929 22.109280 836.469780 2.670940 22.776635
14.431929 22.109280 836.469780 2.670940 22.778023
14.431929 22.109280 836.469780 2.670940 22.779412
14.431929 22.109280 836.469780 2.670940 22.780801
14.431929 22.109280 836.469780 2.670940 22.782190
14.431929 22.109280 836.469780 2.670940 22.783579
14.431929 22.109280 836.469780 2.670940 22.784968
14.431929 22.109280 836.469780 2.670940 22.786357
14.421856 22.107753 836.469780 2.670940 22.787746
14.421856 22.107753 836.469780 2.670940 22.789135
14.421856 22.107753 836.469780 2.670940 22.790523
14.421856 22.107753 836.469780 2.670940 22.791912
14.421856 22.107753 836.469780 2.670940 22.793301
14.421856 22.107753 836.469780 2.670940 22.794690
14.421856 22.107753 836.469780 2.670940 22.796079
14.421856 22.107753 836.469780 2.670940 22.797468
14.421856 22.107753 836.469780 2.670940 22.798857
14.421856 22.107753 836.469780 2.670940 22.800246
14.421856 22.107753 836.469780 2.670940 22.801635
14.421856 22.107753 836.469780 2.670940 22.803023
14.411783 22.135226 836.456044 2.670940 22.804412
14.411783 22.135226 836.456044 2.670940 22.805801
14.411783 22.135226 836.456044 2.670940 22.807190
14.411783 22.135226 836.456044 2.670940 22.808579
14.411783 22.135226 836.456044 2.670940 22.809968
14.411783 22.135226 836.456044 2.670940 22.811357
14.411783 22.135226 836.456044 2.670940 22.812746
14.411783 22.135226 836.456044 2.670940 22.814135
14.411783 22.135226 836.456044 2.670940 22.815523
14.411783 22.135226 836.456044 2.670940 22.816912
14.411783 22.135226 836.456044 2.670940 22.818301
14.411783 22.135226 836.456044 2.670940 22.819690
14.406746 22.161172 836.442308 2.670940 22.821079
14.406746 22.161172 836.442308 2.670940 22.822468
14.406746 22.161172 836.442308 2.670940 22.823857
14.406746 22.161172 836.442308 2.670940 22.825246
14.406746 22.161172 836.442308 2.670940 22.826635
14.406746 22.161172 836.442308 2.670940 22.828023
14.406746 22.161172 836.442308 2.670940 22.829412
14.406746 22.161172 836.442308 2.670940 22.830801
14.406746 22.161172 836.442308 2.670940 22.832190
14.406746 22.161172 836.442308 2.670940 22.833579
14.406746 22.161172 836.442308 2.670940 22.834968
14.406746 22.161172 836.442308 2.670940 22.836357
14.401709 22.225275 836.442308 2.670940 22.837746
14.401709 22.225275 836.442308 2.670940 22.839135
14.401709 22.225275 836.442308 2.670940 22.840523
14.401709 22.225275 836.442308 2.670940 22.841912
14.401709 22.225275 836.442308 2.670940 22.843301
14.401709 22.225275 836.442308 2.670940 22.844690
14.401709 22.225275 836.442308 2.670940 22.846079
14.401709 22.225275 836.442308 2.670940 22.847468
14.401709 22.225275 836.442308 2.670940 22.848857
14.401709 22.225275 836.442308 2.670940 22.850246
14.401709 22.225275 836.442308 2.670940 22.851635
14.401709 22.225275 836.442308 2.670940 22.853023
14.408425 22.286325 836.428571 2.670940 22.854412
14.408425 22.286325 836.428571 2.670940 22.855801
14.408425 22.286325 836.428571 2.670940 22.857190
14.408425 22.286325 836.428571 2.670940 22.858579
14.408425 22.286325 836.428571 2.670940 22.859968
14.408425 22.286325 836.428571 2.670940 22.861357
14.408425 22.286325 836.428571 2.670940 22.862746
14.408425 22.286325 836.428571 2.670940 22.864135
14.408425 22.286325 836.428571 2.670940 22.865523
14.408425 22.286325 836.428571 2.670940 22.866912
14.408425 22.286325 836.428571 2.670940 22.868301
14.408425 22.286325 836.428571 2.670940 22.869690
14.418498 22.341270 836.414835 2.701465 22.871079
14.418498 22.341270 836.414835 2.701465 22.872468
14.418498 22.341270 836.414835 2.701465 22.873857
14.418498 22.341270 836.414835 2.701465 22.875246
14.418498 22.341270 836.414835 2.701465 22.876635
14.418498 22.341270 836.414835 2.701465 22.878023
14.418498 22.341270 836.414835 2.701465 22.879412
14.418498 22.341270 836.414835 2.701465 22.880801
14.418498 22.341270 836.414835 2.701465 22.882190
14.418498 22.341270 836.414835 2.701465 22.883579
14.418498 22.341270 836.414835 2.701465 22.884968
14.418498 22.341270 836.414835 2.701465 22.886357
14.425214 22.341270 836.414835 2.701465 22.887746
14.425214 22.341270 836.414835 2.701465 22.889135
14.425214 22.341270 836.414835 2.701465 22.890523
14.425214 22.341270 836.414835 2.701465 22.891912
14.425214 22.341270 836.414835 2.701465 22.893301
14.425214 22.341270 836.414835 2.701465 22.894690
14.425214 22.341270 836.414835 2.701465 22.896079
14.425214 22.341270 836.414835 2.701465 22.897468
14.425214 22.341270 836.414835 2.701465 22.898857
14.425214 22.341270 836.414835 2.701465 22.900246
14.425214 22.341270 836.414835 2.701465 22.901635
14.425214 22.341270 836.414835 2.701465 22.903023
14.425214 22.405372 836.387363 2.701465 22.904412
14.425214 22.405372 836.387363 2.701465 22.905801
14.425214 22.405372 836.387363 2.701465 22.907190
14.425214 22.405372 836.387363 2.701465 22.908579
14.425214 22.405372 836.387363 2.701465 22.909968
14.425214 22.405372 836.387363 2.701465 22.911357
14.425214 22.405372 836.387363 2.701465 22.912746
14.425214 22.405372 836.387363 2.701465 22.914135
14.425214 22.405372 836.387363 2.701465 22.915523
14.425214 22.405372 836.387363 2.701465 22.916912
14.425214 22.405372 836.387363 2.701465 22.918301
14.425214 22.405372 836.387363 2.701465 22.919690
14.420177 22.504579 836.387363 2.701465 22.921079
14.420177 22.504579 836.387363 2.701465 22.922468
14.420177 22.504579 836.387363 2.701465 22.923857
14.420177 22.504579 836.387363 2.701465 22.925246
14.420177 22.504579 836.387363 2.701465 22.926635
14.420177 22.504579 836.387363 2.701465 22.928023
14.420177 22.504579 836.387363 2.701465 22.929412
14.420177 22.504579 836.387363 2.701465 22.930801
14.420177 22.504579 836.387363 2.701465 22.932190
14.420177 22.504579 836.387363 2.701465 22.933579
14.420177 22.504579 836.387363 2.701465 22.934968
14.420177 22.504579 836.387363 2.701465 22.936357
14.415140 22.510684 836.373626 2.701465 22.937746
14.415140 22.510684 836.373626 2.701465 22.939135
14.415140 22.510684 836.373626 2.701465 22.940523
14.415140 22.510684 836.373626 2.701465 22.941912
14.415140 22.510684 836.373626 2.701465 22.943301
14.415140 22.510684 836.373626 2.701465 22.944690
14.415140 22.510684 836.373626 2.701465 22.946079
14.415140 22.510684 836.373626 2.701465 22.947468
14.415140 22.510684 836.373626 2.701465 22.948857
14.415140 22.510684 836.373626 2.701465 22.950246
14.415140 22.510684 836.373626 2.701465 22.951635
14.415140 22.510684 836.373626 2.701465 22.953023
14.405067 22.442002 836.359890 2.655678 22.954412
14.405067 22.442002 836.359890 2.655678 22.955801
14.405067 22.442002 836.359890 2.655678 22.957190
14.405067 22.442002 836.359890 2.655678 22.958579
14.405067 22.442002 836.359890 2.655678 22.959968
14.405067 22.442002 836.359890 2.655678 22.961357
14.405067 22.442002 836.359890 2.655678 22.962746
14.405067 22.442002 836.359890 2.655678 22.964135
14.405067 22.442002 836.359890 2.655678 22.965523
14.405067 22.442002 836.359890 2.655678 22.966912
14.405067 22.442002 836.359890 2.655678 22.968301
14.405067 22.442002 836.359890 2.655678 22.969690
14.393315 22.387057 836.346154 2.655678 22.971079
14.393315 22.387057 836.346154 2.655678 22.972468
14.393315 22.387057 836.346154 2.655678 22.973857
14.393315 22.387057 836.346154 2.655678 22.975246
14.393315 22.387057 836.346154 2.655678 22.976635
14.393315 22.387057 836.346154 2.655678 22.978023
14.393315 22.387057 836.346154 2.655678 22.979412
14.393315 22.387057 836.346154 2.655678 22.980801
14.393315 22.387057 836.346154 2.655678 22.982190
14.393315 22.387057 836.346154 2.655678 22.983579
14.393315 22.387057 836.346154 2.655678 22.984968
14.393315 22.387057 836.346154 2.655678 22.986357
14.383242 22.329060 836.359890 2.640415 22.987746
14.383242 22.329060 836.359890 2.640415 22.989135
14.383242 22.329060 836.359890 2.640415 22.990523
14.383242 22.329060 836.359890 2.640415 22.991912
14.383242 22.329060 836.359890 2.640415 22.993301
14.383242 22.329060 836.359890 2.640415 22.994690
14.383242 22.329060 836.359890 2.640415 22.996079
14.383242 22.329060 836.359890 2.640415 22.997468
14.383242 22.329060 836.359890 2.640415 22.998857
14.383242 22.329060 836.359890 2.640415 23.000246
14.383242 22.329060 836.359890 2.640415 23.001635
14.383242 22.329060 836.359890 2.640415 23.003023
14.374847 22.242063 836.346154 2.640415 23.004412
14.374847 22.242063 836.346154 2.640415 23.005801
14.374847 22.242063 836.346154 2.640415 23.007190
14.374847 22.242063 836.346154 2.640415 23.008579
14.374847 22.242063 836.346154 2.640415 23.009968
14.374847 22.242063 836.346154 2.640415 23.011357
14.374847 22.242063 836.346154 2.640415 23.012746
14.374847 22.242063 836.346154 2.640415 23.014135
14.374847 22.242063 836.346154 2.640415 23.015523
14.374847 22.242063 836.346154 2.640415 23.016912
14.374847 22.242063 836.346154 2.640415 23.018301
14.374847 22.242063 836.346154 2.640415 23.019690
14.358059 22.182540 836.318681 2.640415 23.021079
14.358059 22.182540 836.318681 2.640415 23.022468
14.358059 22.182540 836.318681 2.640415 23.023857
14.358059 22.182540 836.318681 2.640415 23.025246
14.358059 22.182540 836.318681 2.640415 23.026635
14.358059 22.182540 836.318681 2.640415 23.028023
14.358059 22.182540 836.318681 2.640415 23.029412
14.358059 22.182540 836.318681 2.640415 23.030801
14.358059 22.182540 836.318681 2.640415 23.032190
14.358059 22.182540 836.318681 2.640415 23.033579
14.358059 22.182540 836.318681 2.640415 23.034968
14.358059 22.182540 836.318681 2.640415 23.036357
14.336233 22.161172 836.332418 2.640415 23.037746
14.336233 22.161172 836.332418 2.640415 23.039135
14.336233 22.161172 836.332418 2.640415 23.040523
14.336233 22.161172 836.332418 2.640415 23.041912
14.336233 22.161172 836.332418 2.640415 23.043301
14.336233 22.161172 836.332418 2.640415 23.044690
14.336233 22.161172 836.332418 2.640415 23.046079
14.336233 22.161172 836.332418 2.640415 23.047468
14.336233 22.161172 836.332418 2.640415 23.048857
14.336233 22.161172 836.332418 2.640415 23.050246
14.336233 22.161172 836.332418 2.640415 23.051635
14.336233 22.161172 836.332418 2.640415 23.053023
14.319444 22.173382 836.304945 2.640415 23.054412
14.319444 22.173382 836.304945 2.640415 23.055801
14.319444 22.173382 836.304945 2.640415 23.057190
14.319444 22.173382 836.304945 2.640415 23.058579
14.319444 22.173382 836.304945 2.640415 23.059968
14.319444 22.173382 836.304945 2.640415 23.061357
14.319444 22.173382 836.304945 2.640415 23.062746
14.319444 22.173382 836.304945 2.640415 23.064135
14.319444 22.173382 836.304945 2.640415 23.065523
14.319444 22.173382 836.304945 2.640415 23.066912
14.319444 22.173382 836.304945 2.640415 23.068301
14.319444 22.173382 836.304945 2.640415 23.069690
14.309371 22.136752 836.304945 2.640415 23.071079
14.309371 22.136752 836.304945 2.640415 23.072468
14.309371 22.136752 836.304945 2.640415 23.073857
14.309371 22.136752 836.304945 2.640415 23.075246
14.309371 22.136752 836.304945 2.640415 23.076635
14.309371 22.136752 836.304945 2.640415 23.078023
14.309371 22.136752 836.304945 2.640415 23.079412
14.309371 22.136752 836.304945 2.640415 23.080801
14.309371 22.136752 836.304945 2.640415 23.082190
14.309371 22.136752 836.304945 2.640415 23.083579
14.309371 22.136752 836.304945 2.640415 23.084968
14.309371 22.136752 836.304945 2.640415 23.086357
14.302656 22.072650 836.291209 2.640415 23.087746
14.302656 22.072650 836.291209 2.640415 23.089135
14.302656 22.072650 836.291209 2.640415 23.090523
14.302656 22.072650 836.291209 2.640415 23.091912
14.302656 22.072650 836.291209 2.640415 23.093301
14.302656 22.072650 836.291209 2.640415 23.094690
14.302656 22.072650 836.291209 2.640415 23.096079
14.302656 22.072650 836.291209 2.640415 23.097468
14.302656 22.072650 836.291209 2.640415 23.098857
14.302656 22.072650 836.291209 2.640415 23.100246
14.302656 22.072650 836.291209 2.640415 23.101635
14.302656 22.072650 836.291209 2.640415 23.103023
14.297619 22.090965 836.291209 2.640415 23.104412
14.297619 22.090965 836.291209 2.640415 23.105801
14.297619 22.090965 836.291209 2.640415 23.107190
14.297619 22.090965 836.291209 2.640415 23.108579
14.297619 22.090965 836.291209 2.640415 23.109968
14.297619 22.090965 836.291209 2.640415 23.111357
14.297619 22.090965 836.291209 2.640415 23.112746
14.297619 22.090965 836.291209 2.640415 23.114135
14.297619 22.090965 836.291209 2.640415 23.115523
14.297619 22.090965 836.291209 2.640415 23.116912
14.297619 22.090965 836.291209 2.640415 23.118301
14.297619 22.090965 836.291209 2.640415 23.119690
14.285867 22.132173 836.277473 2.640415 23.121079
14.285867 22.132173 836.277473 2.640415 23.122468
14.285867 22.132173 836.277473 2.640415 23.123857
14.285867 22.132173 836.277473 2.640415 23.125246
14.285867 22.132173 836.277473 2.640415 23.126635
14.285867 22.132173 836.277473 2.640415 23.128023
14.285867 22.132173 836.277473 2.640415 23.129412
14.285867 22.132173 836.277473 2.640415 23.130801
14.285867 22.132173 836.277473 2.640415 23.132190
14.285867 22.132173 836.277473 2.640415 23.133579
14.285867 22.132173 836.277473 2.640415 23.134968
14.285867 22.132173 836.277473 2.640415 23.136357
14.275794 22.194750 836.277473 2.640415 23.137746
14.275794 22.194750 836.277473 2.640415 23.139135
14.275794 22.194750 836.277473 2.640415 23.140523
14.275794 22.194750 836.277473 2.640415 23.141912
14.275794 22.194750 836.277473 2.640415 23.143301
14.275794 22.194750 836.277473 2.640415 23.144690
14.275794 22.194750 836.277473 2.640415 23.146079
14.275794 22.194750 836.277473 2.640415 23.147468
14.275794 22.194750 836.277473 2.640415 23.148857
14.275794 22.194750 836.277473 2.640415 23.150246
14.275794 22.194750 836.277473 2.640415 23.151635
14.275794 22.194750 836.277473 2.640415 23.153023
14.262363 22.289377 836.277473 2.655678 23.154412
14.262363 22.289377 836.277473 2.655678 23.155801
14.262363 22.289377 836.277473 2.655678 23.157190
14.262363 22.289377 836.277473 2.655678 23.158579
14.262363 22.289377 836.277473 2.655678 23.159968
14.262363 22.289377 836.277473 2.655678 23.161357
14.262363 22.289377 836.277473 2.655678 23.162746
14.262363 22.289377 836.277473 2.655678 23.164135
14.262363 22.289377 836.277473 2.655678 23.165523
14.262363 22.289377 836.277473 2.655678 23.166912
14.262363 22.289377 836.277473 2.655678 23.168301
14.262363 22.289377 836.277473 2.655678 23.169690
14.243895 22.399267 836.277473 2.670940 23.171079
14.243895 22.399267 836.277473 2.670940 23.172468
14.243895 22.399267 836.277473 2.670940 23.173857
14.243895 22.399267 836.277473 2.670940 23.175246
14.243895 22.399267 836.277473 2.670940 23.176635
14.243895 22.399267 836.277473 2.670940 23.178023
14.243895 22.399267 836.277473 2.670940 23.179412
14.243895 22.399267 836.277473 2.670940 23.180801
14.243895 22.399267 836.277473 2.670940 23.182190
14.243895 22.399267 836.277473 2.670940 23.183579
14.243895 22.399267 836.277473 2.670940 23.184968
14.243895 22.399267 836.277473 2.670940 23.186357
14.232143 22.484737 836.277473 2.686203 23.187746
14.232143 22.484737 836.277473 2.686203 23.189135
14.232143 22.484737 836.277473 2.686203 23.190523
14.232143 22.484737 836.277473 2.686203 23.191912
14.232143 22.484737 836.277473 2.686203 23.193301
14.232143 22.484737 836.277473 2.686203 23.194690
14.232143 22.484737 836.277473 2.686203 23.196079
14.232143 22.484737 836.277473 2.686203 23.197468
14.232143 22.484737 836.277473 2.686203 23.198857
14.232143 22.484737 836.277473 2.686203 23.200246
14.232143 22.484737 836.277473 2.686203 23.201635
14.232143 22.484737 836.277473 2.686203 23.203023
14.220391 22.532051 836.277473 2.686203 23.204412
14.220391 22.532051 836.277473 2.686203 23.205801
14.220391 22.532051 836.277473 2.686203 23.207190
14.220391 22.532051 836.277473 2.686203 23.208579
14.220391 22.532051 836.277473 2.686203 23.209968
14.220391 22.532051 836.277473 2.686203 23.211357
14.220391 22.532051 836.277473 2.686203 23.212746
14.220391 22.532051 836.277473 2.686203 23.214135
14.220391 22.532051 836.277473 2.686203 23.215523
14.220391 22.532051 836.277473 2.686203 23.216912
14.220391 22.532051 836.277473 2.686203 23.218301
14.220391 22.532051 836.277473 2.686203 23.219690
14.206960 22.568681 836.291209 2.686203 23.221079
14.206960 22.568681 836.291209 2.686203 23.222468
14.206960 22.568681 836.291209 2.686203 23.223857
14.206960 22.568681 836.291209 2.686203 23.225246
14.206960 22.568681 836.291209 2.686203 23.226635
14.206960 22.568681 836.291209 2.686203 23.228023
14.206960 22.568681 836.291209 2.686203 23.229412
14.206960 22.568681 836.291209 2.686203 23.230801
14.206960 22.568681 836.291209 2.686203 23.232190
14.206960 22.568681 836.291209 2.686203 23.233579
14.206960 22.568681 836.291209 2.686203 23.234968
14.206960 22.568681 836.291209 2.686203 23.236357
14.185134 22.586996 836.291209 2.686203 23.237746
14.185134 22.586996 836.291209 2.686203 23.239135
14.185134 22.586996 836.291209 2.686203 23.240523
14.185134 22.586996 836.291209 2.686203 23.241912
14.185134 22.586996 836.291209 2.686203 23.243301
14.185134 22.586996 836.291209 2.686203 23.244690
14.185134 22.586996 836.291209 2.686203 23.246079
14.185134 22.586996 836.291209 2.686203 23.247468
14.185134 22.586996 836.291209 2.686203 23.248857
14.185134 22.586996 836.291209 2.686203 23.250246
14.185134 22.586996 836.291209 2.686203 23.251635
14.185134 22.586996 836.291209 2.686203 23.253023
14.164988 22.583944 836.291209 2.686203 23.254412
14.164988 22.583944 836.291209 2.686203 23.255801
14.164988 22.583944 836.291209 2.686203 23.257190
14.164988 22.583944 836.291209 2.686203 23.258579
14.164988 22.583944 836.291209 2.686203 23.259968
14.164988 22.583944 836.291209 2.686203 23.261357
14.164988 22.583944 836.291209 2.686203 23.262746
14.164988 22.583944 836.291209 2.686203 23.264135
14.164988 22.583944 836.291209 2.686203 23.265523
14.164988 22.583944 836.291209 2.686203 23.266912
14.164988 22.583944 836.291209 2.686203 23.268301
14.164988 22.583944 836.291209 2.686203 23.269690
14.139805 22.570208 836.277473 2.655678 23.271079
14.139805 22.570208 836.277473 2.655678 23.272468
14.139805 22.570208 836.277473 2.655678 23.273857
14.139805 22.570208 836.277473 2.655678 23.275246
14.139805 22.570208 836.277473 2.655678 23.276635
14.139805 22.570208 836.277473 2.655678 23.278023
14.139805 22.570208 836.277473 2.655678 23.279412
14.139805 22.570208 836.277473 2.655678 23.280801
14.139805 22.570208 836.277473 2.655678 23.282190
14.139805 22.570208 836.277473 2.655678 23.283579
14.139805 22.570208 836.277473 2.655678 23.284968
14.139805 22.570208 836.277473 2.655678 23.286357
14.119658 22.580891 836.277473 2.655678 23.287746
14.119658 22.580891 836.277473 2.655678 23.289135
14.119658 22.580891 836.277473 2.655678 23.290523
14.119658 22.580891 836.277473 2.655678 23.291912
14.119658 22.580891 836.277473 2.655678 23.293301
14.119658 22.580891 836.277473 2.655678 23.294690
14.119658 22.580891 836.277473 2.655678 23.296079
14.119658 22.580891 836.277473 2.655678 23.297468
14.119658 22.580891 836.277473 2.655678 23.298857
14.119658 22.580891 836.277473 2.655678 23.300246
14.119658 22.580891 836.277473 2.655678 23.301635
14.119658 22.580891 836.277473 2.655678 23.303023
14.097833 22.591575 836.263736 2.655678 23.304412
14.097833 22.591575 836.263736 2.655678 23.305801
14.097833 22.591575 836.263736 2.655678 23.307190
14.097833 22.591575 836.263736 2.655678 23.308579
14.097833 22.591575 836.263736 2.655678 23.309968
14.097833 22.591575 836.263736 2.655678 23.311357
14.097833 22.591575 836.263736 2.655678 23.312746
14.097833 22.591575 836.263736 2.655678 23.314135
14.097833 22.591575 836.263736 2.655678 23.315523
14.097833 22.591575 836.263736 2.655678 23.316912
14.097833 22.591575 836.263736 2.655678 23.318301
14.097833 22.591575 836.263736 2.655678 23.319690
14.076007 22.605311 836.250000 2.655678 23.321079
14.076007 22.605311 836.250000 2.655678 23.322468
14.076007 22.605311 836.250000 2.655678 23.323857
14.076007 22.605311 836.250000 2.655678 23.325246
14.076007 22.605311 836.250000 2.655678 23.326635
14.076007 22.605311 836.250000 2.655678 23.328023
14.076007 22.605311 836.250000 2.655678 23.329412
14.076007 22.605311 836.250000 2.655678 23.330801
14.076007 22.605311 836.250000 2.655678 23.332190
14.076007 22.605311 836.250000 2.655678 23.333579
14.076007 22.605311 836.250000 2.655678 23.334968
14.076007 22.605311 836.250000 2.655678 23.336357
14.055861 22.606838 836.250000 2.655678 23.337746
14.055861 22.606838 836.250000 2.655678 23.339135
14.055861 22.606838 836.250000 2.655678 23.340523
14.055861 22.606838 836.250000 2.655678 23.341912
14.055861 22.606838 836.250000 2.655678 23.343301
14.055861 22.606838 836.250000 2.655678 23.344690
14.055861 22.606838 836.250000 2.655678 23.346079
14.055861 22.606838 836.250000 2.655678 23.347468
14.055861 22.606838 836.250000 2.655678 23.348857
14.055861 22.606838 836.250000 2.655678 23.350246
14.055861 22.606838 836.250000 2.655678 23.351635
14.055861 22.606838 836.250000 2.655678 23.353023
14.030678 22.617521 836.263736 2.655678 23.354412
14.030678 22.617521 836.263736 2.655678 23.355801
14.030678 22.617521 836.263736 2.655678 23.357190
14.030678 22.617521 836.263736 2.655678 23.358579
14.030678 22.617521 836.263736 2.655678 23.359968
14.030678 22.617521 836.263736 2.655678 23.361357
14.030678 22.617521 836.263736 2.655678 23.362746
14.030678 22.617521 836.263736 2.655678 23.364135
14.030678 22.617521 836.263736 2.655678 23.365523
14.030678 22.617521 836.263736 2.655678 23.366912
14.030678 22.617521 836.263736 2.655678 23.368301
14.030678 22.617521 836.263736 2.655678 23.369690
14.003816 22.625153 836.250000 2.655678 23.371079
14.003816 22.625153 836.250000 2.655678 23.372468
14.003816 22.625153 836.250000 2.655678 23.373857
14.003816 22.625153 836.250000 2.655678 23.375246
14.003816 22.625153 836.250000 2.655678 23.376635
14.003816 22.625153 836.250000 2.655678 23.378023
14.003816 22.625153 836.250000 2.655678 23.379412
14.003816 22.625153 836.250000 2.655678 23.380801
14.003816 22.625153 836.250000 2.655678 23.382190
14.003816 22.625153 836.250000 2.655678 23.383579
14.003816 22.625153 836.250000 2.655678 23.384968
14.003816 22.625153 836.250000 2.655678 23.386357
13.976954 22.620574 836.222527 2.655678 23.387746
13.976954 22.620574 836.222527 2.655678 23.389135
13.976954 22.620574 836.222527 2.655678 23.390523
13.976954 22.620574 836.222527 2.655678 23.391912
13.976954 22.620574 836.222527 2.655678 23.393301
13.976954 22.620574 836.222527 2.655678 23.394690
13.976954 22.620574 836.222527 2.655678 23.396079
13.976954 22.620574 836.222527 2.655678 23.397468
13.976954 22.620574 836.222527 2.655678 23.398857
13.976954 22.620574 836.222527 2.655678 23.400246
13.976954 22.620574 836.222527 2.655678 23.401635
13.976954 22.620574 836.222527 2.655678 23.403023
13.956807 22.631258 836.208791 2.655678 23.404412
13.956807 22.631258 836.208791 2.655678 23.405801
13.956807 22.631258 836.208791 2.655678 23.407190
13.956807 22.631258 836.208791 2.655678 23.408579
13.956807 22.631258 836.208791 2.655678 23.409968
13.956807 22.631258 836.208791 2.655678 23.411357
13.956807 22.631258 836.208791 2.655678 23.412746
13.956807 22.631258 836.208791 2.655678 23.414135
13.956807 22.631258 836.208791 2.655678 23.415523
13.956807 22.631258 836.208791 2.655678 23.416925
13.956807 22.631258 836.208791 2.655678 23.418314
13.956807 22.631258 836.208791 2.655678 23.419703
13.934982 22.693834 836.222527 2.655678 23.421092
13.934982 22.693834 836.222527 2.655678 23.422481
13.934982 22.693834 836.222527 2.655678 23.423870
13.934982 22.693834 836.222527 2.655678 23.425259
13.934982 22.693834 836.222527 2.655678 23.426648
13.934982 22.693834 836.222527 2.655678 23.428036
13.934982 22.693834 836.222527 2.655678 23.429425
13.934982 22.693834 836.222527 2.655678 23.430814
13.934982 22.693834 836.222527 2.655678 23.432203
13.934982 22.693834 836.222527 2.655678 23.433592
13.934982 22.693834 836.222527 2.655678 23.434981
13.934982 22.693834 836.222527 2.655678 23.436370
13.921551 22.733516 836.208791 2.670940 23.437759
13.921551 22.733516 836.208791 2.670940 23.439148
13.921551 22.733516 836.208791 2.670940 23.440536
13.921551 22.733516 836.208791 2.670940 23.441925
13.921551 22.733516 836.208791 2.670940 23.443314
13.921551 22.733516 836.208791 2.670940 23.444703
13.921551 22.733516 836.208791 2.670940 23.446092
13.921551 22.733516 836.208791 2.670940 23.447481
13.921551 22.733516 836.208791 2.670940 23.448870
13.921551 22.733516 836.208791 2.670940 23.450259
13.921551 22.733516 836.208791 2.670940 23.451648
13.921551 22.733516 836.208791 2.670940 23.453036
13.914835 22.796093 836.222527 2.686203 23.454425
13.914835 22.796093 836.222527 2.686203 23.455814
13.914835 22.796093 836.222527 2.686203 23.457203
13.914835 22.796093 836.222527 2.686203 23.458592
13.914835 22.796093 836.222527 2.686203 23.459981
13.914835 22.796093 836.222527 2.686203 23.461370
13.914835 22.796093 836.222527 2.686203 23.462759
13.914835 22.796093 836.222527 2.686203 23.464148
13.914835 22.796093 836.222527 2.686203 23.465536
13.914835 22.796093 836.222527 2.686203 23.466925
13.914835 22.796093 836.222527 2.686203 23.468314
13.914835 22.796093 836.222527 2.686203 23.469703
13.908120 22.793040 836.222527 2.670940 23.471092
13.908120 22.793040 836.222527 2.670940 23.472481
13.908120 22.793040 836.222527 2.670940 23.473870
13.908120 22.793040 836.222527 2.670940 23.475259
13.908120 22.793040 836.222527 2.670940 23.476648
13.908120 22.793040 836.222527 2.670940 23.478036
13.908120 22.793040 836.222527 2.670940 23.479425
13.908120 22.793040 836.222527 2.670940 23.480814
13.908120 22.793040 836.222527 2.670940 23.482203
13.908120 22.793040 836.222527 2.670940 23.483592
13.908120 22.793040 836.222527 2.670940 23.484981
13.908120 22.793040 836.222527 2.670940 23.486370
13.904762 22.764042 836.208791 2.655678 23.487759
13.904762 22.764042 836.208791 2.655678 23.489148
13.904762 22.764042 836.208791 2.655678 23.490536
13.904762 22.764042 836.208791 2.655678 23.491925
13.904762 22.764042 836.208791 2.655678 23.493314
13.904762 22.764042 836.208791 2.655678 23.494703
13.904762 22.764042 836.208791 2.655678 23.496092
13.904762 22.764042 836.208791 2.655678 23.497481
13.904762 22.764042 836.208791 2.655678 23.498870
13.904762 22.764042 836.208791 2.655678 23.500259
13.904762 22.764042 836.208791 2.655678 23.501648
13.904762 22.764042 836.208791 2.655678 23.503036
13.899725 22.728938 836.208791 2.655678 23.504425
13.899725 22.728938 836.208791 2.655678 23.505814
13.899725 22.728938 836.208791 2.655678 23.507203
13.899725 22.728938 836.208791 2.655678 23.508592
13.899725 22.728938 836.208791 2.655678 23.509981
13.899725 22.728938 836.208791 2.655678 23.511370
13.899725 22.728938 836.208791 2.655678 23.512759
13.899725 22.728938 836.208791 2.655678 23.514148
13.899725 22.728938 836.208791 2.655678 23.515536
13.899725 22.728938 836.208791 2.655678 23.516925
13.899725 22.728938 836.208791 2.655678 23.518314
13.899725 22.728938 836.208791 2.655678 23.519703
13.891331 22.698413 836.195055 2.655678 23.521092
13.891331 22.698413 836.195055 2.655678 23.522481
13.891331 22.698413 836.195055 2.655678 23.523870
13.891331 22.698413 836.195055 2.655678 23.525259
13.891331 22.698413 836.195055 2.655678 23.526648
13.891331 22.698413 836.195055 2.655678 23.528036
13.891331 22.698413 836.195055 2.655678 23.529425
13.891331 22.698413 836.195055 2.655678 23.530814
13.891331 22.698413 836.195055 2.655678 23.532203
13.891331 22.698413 836.195055 2.655678 23.533592
13.891331 22.698413 836.195055 2.655678 23.534981
13.891331 22.698413 836.195055 2.655678 23.536370
13.889652 22.683150 836.208791 2.655678 23.537759
13.889652 22.683150 836.208791 2.655678 23.539148
13.889652 22.683150 836.208791 2.655678 23.540536
13.889652 22.683150 836.208791 2.655678 23.541925
13.889652 22.683150 836.208791 2.655678 23.543314
13.889652 22.683150 836.208791 2.655678 23.544703
13.889652 22.683150 836.208791 2.655678 23.546092
13.889652 22.683150 836.208791 2.655678 23.547481
13.889652 22.683150 836.208791 2.655678 23.548870
13.889652 22.683150 836.208791 2.655678 23.550259
13.889652 22.683150 836.208791 2.655678 23.551648
13.889652 22.683150 836.208791 2.655678 23.553036
13.887973 22.686203 836.208791 2.655678 23.554425
13.887973 22.686203 836.208791 2.655678 23.555814
13.887973 22.686203 836.208791 2.655678 23.557203
13.887973 22.686203 836.208791 2.655678 23.558592
13.887973 22.686203 836.208791 2.655678 23.559981
13.887973 22.686203 836.208791 2.655678 23.561370
13.887973 22.686203 836.208791 2.655678 23.562759
13.887973 22.686203 836.208791 2.655678 23.564148
13.887973 22.686203 836.208791 2.655678 23.565536
13.887973 22.686203 836.208791 2.655678 23.566925
13.887973 22.686203 836.208791 2.655678 23.568314
13.887973 22.686203 836.208791 2.655678 23.569703
13.887973 22.683150 836.222527 2.655678 23.571092
13.887973 22.683150 836.222527 2.655678 23.572481
13.887973 22.683150 836.222527 2.655678 23.573870
13.887973 22.683150 836.222527 2.655678 23.575259
13.887973 22.683150 836.222527 2.655678 23.576648
13.887973 22.683150 836.222527 2.655678 23.578036
13.887973 22.683150 836.222527 2.655678 23.579425
13.887973 22.683150 836.222527 2.655678 23.580814
13.887973 22.683150 836.222527 2.655678 23.582203
13.887973 22.683150 836.222527 2.655678 23.583592
13.887973 22.683150 836.222527 2.655678 23.584981
13.887973 22.683150 836.222527 2.655678 23.586370
13.887973 22.648046 836.222527 2.655678 23.587759
13.887973 22.648046 836.222527 2.655678 23.589148
13.887973 22.648046 836.222527 2.655678 23.590536
13.887973 22.648046 836.222527 2.655678 23.591925
13.887973 22.648046 836.222527 2.655678 23.593314
13.887973 22.648046 836.222527 2.655678 23.594703
13.887973 22.648046 836.222527 2.655678 23.596092
13.887973 22.648046 836.222527 2.655678 23.597481
13.887973 22.648046 836.222527 2.655678 23.598870
13.887973 22.648046 836.222527 2.655678 23.600259
13.887973 22.648046 836.222527 2.655678 23.601648
13.887973 22.648046 836.222527 2.655678 23.603036
13.887973 22.631258 836.222527 2.655678 23.604425
13.887973 22.631258 836.222527 2.655678 23.605814
13.887973 22.631258 836.222527 2.655678 23.607203
13.887973 22.631258 836.222527 2.655678 23.608592
13.887973 22.631258 836.222527 2.655678 23.609981
13.887973 22.631258 836.222527 2.655678 23.611370
13.887973 22.631258 836.222527 2.655678 23.612759
13.887973 22.631258 836.222527 2.655678 23.614148
13.887973 22.631258 836.222527 2.655678 23.615536
13.887973 22.631258 836.222527 2.655678 23.616925
13.887973 22.631258 836.222527 2.655678 23.618314
13.887973 22.631258 836.222527 2.655678 23.619703
13.884615 22.590049 836.236264 2.655678 23.621092
13.884615 22.590049 836.236264 2.655678 23.622481
13.884615 22.590049 836.236264 2.655678 23.623870
13.884615 22.590049 836.236264 2.655678 23.625259
13.884615 22.590049 836.236264 2.655678 23.626648
13.884615 22.590049 836.236264 2.655678 23.628036
13.884615 22.590049 836.236264 2.655678 23.629425
13.884615 22.590049 836.236264 2.655678 23.630814
13.884615 22.590049 836.236264 2.655678 23.632203
13.884615 22.590049 836.236264 2.655678 23.633592
13.884615 22.590049 836.236264 2.655678 23.634981
13.884615 22.590049 836.236264 2.655678 23.636370
13.869505 22.620574 836.250000 2.655678 23.637759
13.869505 22.620574 836.250000 2.655678 23.639148
13.869505 22.620574 836.250000 2.655678 23.640536
13.869505 22.620574 836.250000 2.655678 23.641925
13.869505 22.620574 836.250000 2.655678 23.643314
13.869505 22.620574 836.250000 2.655678 23.644703
13.869505 22.620574 836.250000 2.655678 23.646092
13.869505 22.620574 836.250000 2.655678 23.647481
13.869505 22.620574 836.250000 2.655678 23.648870
13.869505 22.620574 836.250000 2.655678 23.650259
13.869505 22.620574 836.250000 2.655678 23.651648
13.869505 22.620574 836.250000 2.655678 23.653036
13.857753 22.664835 836.250000 2.655678 23.654425
13.857753 22.664835 836.250000 2.655678 23.655814
13.857753 22.664835 836.250000 2.655678 23.657203
13.857753 22.664835 836.250000 2.655678 23.658592
13.857753 22.664835 836.250000 2.655678 23.659981
13.857753 22.664835 836.250000 2.655678 23.661370
13.857753 22.664835 836.250000 2.655678 23.662759
13.857753 22.664835 836.250000 2.655678 23.664148
13.857753 22.664835 836.250000 2.655678 23.665536
13.857753 22.664835 836.250000 2.655678 23.666925
13.857753 22.664835 836.250000 2.655678 23.668314
13.857753 22.664835 836.250000 2.655678 23.669703
13.844322 22.692308 836.263736 2.655678 23.671092
13.844322 22.692308 836.263736 2.655678 23.672481
13.844322 22.692308 836.263736 2.655678 23.673870
13.844322 22.692308 836.263736 2.655678 23.675259
13.844322 22.692308 836.263736 2.655678 23.676648
13.844322 22.692308 836.263736 2.655678 23.678036
13.844322 22.692308 836.263736 2.655678 23.679425
13.844322 22.692308 836.263736 2.655678 23.680814
13.844322 22.692308 836.263736 2.655678 23.682203
13.844322 22.692308 836.263736 2.655678 23.683592
13.844322 22.692308 836.263736 2.655678 23.684981
13.844322 22.692308 836.263736 2.655678 23.686370
13.834249 22.707570 836.263736 2.655678 23.687759
13.834249 22.707570 836.263736 2.655678 23.689148
13.834249 22.707570 836.263736 2.655678 23.690536
13.834249 22.707570 836.263736 2.655678 23.691925
13.834249 22.707570 836.263736 2.655678 23.693314
13.834249 22.707570 836.263736 2.655678 23.694703
13.834249 22.707570 836.263736 2.655678 23.696092
13.834249 22.707570 836.263736 2.655678 23.697481
13.834249 22.707570 836.263736 2.655678 23.698870
13.834249 22.707570 836.263736 2.655678 23.700259
13.834249 22.707570 836.263736 2.655678 23.701648
13.834249 22.707570 836.263736 2.655678 23.703036
13.824176 22.731990 836.250000 2.655678 23.704425
13.824176 22.731990 836.250000 2.655678 23.705814
13.824176 22.731990 836.250000 2.655678 23.707203
13.824176 22.731990 836.250000 2.655678 23.708592
13.824176 22.731990 836.250000 2.655678 23.709981
13.824176 22.731990 836.250000 2.655678 23.711370
13.824176 22.731990 836.250000 2.655678 23.712759
13.824176 22.731990 836.250000 2.655678 23.714148
13.824176 22.731990 836.250000 2.655678 23.715536
13.824176 22.731990 836.250000 2.655678 23.716925
13.824176 22.731990 836.250000 2.655678 23.718314
13.824176 22.731990 836.250000 2.655678 23.719703
13.812424 22.756410 836.250000 2.655678 23.721092
13.812424 22.756410 836.250000 2.655678 23.722481
13.812424 22.756410 836.250000 2.655678 23.723870
13.812424 22.756410 836.250000 2.655678 23.725259
13.812424 22.756410 836.250000 2.655678 23.726648
13.812424 22.756410 836.250000 2.655678 23.728036
13.812424 22.756410 836.250000 2.655678 23.729425
13.812424 22.756410 836.250000 2.655678 23.730814
13.812424 22.756410 836.250000 2.655678 23.732203
13.812424 22.756410 836.250000 2.655678 23.733592
13.812424 22.756410 836.250000 2.655678 23.734981
13.812424 22.756410 836.250000 2.655678 23.736370
13.810745 22.756410 836.263736 2.655678 23.737759
13.810745 22.756410 836.263736 2.655678 23.739148
13.810745 22.756410 836.263736 2.655678 23.740536
13.810745 22.756410 836.263736 2.655678 23.741925
13.810745 22.756410 836.263736 2.655678 23.743314
13.810745 22.756410 836.263736 2.655678 23.744703
13.810745 22.756410 836.263736 2.655678 23.746092
13.810745 22.756410 836.263736 2.655678 23.747481
13.810745 22.756410 836.263736 2.655678 23.748870
13.810745 22.756410 836.263736 2.655678 23.750259
13.810745 22.756410 836.263736 2.655678 23.751648
13.810745 22.756410 836.263736 2.655678 23.753036
13.810745 22.730464 836.263736 2.640415 23.754425
13.810745 22.730464 836.263736 2.640415 23.755814
13.810745 22.730464 836.263736 2.640415 23.757203
13.810745 22.730464 836.263736 2.640415 23.758592
13.810745 22.730464 836.263736 2.640415 23.759981
13.810745 22.730464 836.263736 2.640415 23.761370
13.810745 22.730464 836.263736 2.640415 23.762759
13.810745 22.730464 836.263736 2.640415 23.764148
13.810745 22.730464 836.263736 2.640415 23.765536
13.810745 22.730464 836.263736 2.640415 23.766925
13.810745 22.730464 836.263736 2.640415 23.768314
13.810745 22.730464 836.263736 2.640415 23.769703
13.810745 22.727411 836.263736 2.640415 23.771092
13.810745 22.727411 836.263736 2.640415 23.772481
13.810745 22.727411 836.263736 2.640415 23.773870
13.810745 22.727411 836.263736 2.640415 23.775259
13.810745 22.727411 836.263736 2.640415 23.776648
13.810745 22.727411 836.263736 2.640415 23.778036
13.810745 22.727411 836.263736 2.640415 23.779425
13.810745 22.727411 836.263736 2.640415 23.780814
13.810745 22.727411 836.263736 2.640415 23.782203
13.810745 22.727411 836.263736 2.640415 23.783592
13.810745 22.727411 836.263736 2.640415 23.784981
13.810745 22.727411 836.263736 2.640415 23.786370
13.810745 22.680098 836.277473 2.609890 23.787759
13.810745 22.680098 836.277473 2.609890 23.789148
13.810745 22.680098 836.277473 2.609890 23.790536
13.810745 22.680098 836.277473 2.609890 23.791925
13.810745 22.680098 836.277473 2.609890 23.793314
13.810745 22.680098 836.277473 2.609890 23.794703
13.810745 22.680098 836.277473 2.609890 23.796092
13.810745 22.680098 836.277473 2.609890 23.797481
13.810745 22.680098 836.277473 2.609890 23.798870
13.810745 22.680098 836.277473 2.609890 23.800259
13.810745 22.680098 836.277473 2.609890 23.801648
13.810745 22.680098 836.277473 2.609890 23.803036
13.822497 22.638889 836.263736 2.609890 23.804425
13.822497 22.638889 836.263736 2.609890 23.805814
13.822497 22.638889 836.263736 2.609890 23.807203
13.822497 22.638889 836.263736 2.609890 23.808592
13.822497 22.638889 836.263736 2.609890 23.809981
13.822497 22.638889 836.263736 2.609890 23.811370
13.822497 22.638889 836.263736 2.609890 23.812759
13.822497 22.638889 836.263736 2.609890 23.814148
13.822497 22.638889 836.263736 2.609890 23.815536
13.822497 22.638889 836.263736 2.609890 23.816925
13.822497 22.638889 836.263736 2.609890 23.818314
13.822497 22.638889 836.263736 2.609890 23.819703
13.822497 22.594628 836.250000 2.609890 23.821092
13.822497 22.594628 836.250000 2.609890 23.822481
13.822497 22.594628 836.250000 2.609890 23.823870
13.822497 22.594628 836.250000 2.609890 23.825259
13.822497 22.594628 836.250000 2.609890 23.826648
13.822497 22.594628 836.250000 2.609890 23.828036
13.822497 22.594628 836.250000 2.609890 23.829425
13.822497 22.594628 836.250000 2.609890 23.830814
13.822497 22.594628 836.250000 2.609890 23.832203
13.822497 22.594628 836.250000 2.609890 23.833592
13.822497 22.594628 836.250000 2.609890 23.834981
13.822497 22.594628 836.250000 2.609890 23.836370
13.822497 22.574786 836.236264 2.609890 23.837759
13.822497 22.574786 836.236264 2.609890 23.839148
13.822497 22.574786 836.236264 2.609890 23.840536
13.822497 22.574786 836.236264 2.609890 23.841925
13.822497 22.574786 836.236264 2.609890 23.843314
13.822497 22.574786 836.236264 2.609890 23.844703
13.822497 22.574786 836.236264 2.609890 23.846092
13.822497 22.574786 836.236264 2.609890 23.847481
13.822497 22.574786 836.236264 2.609890 23.848870
13.822497 22.574786 836.236264 2.609890 23.850259
13.822497 22.574786 836.236264 2.609890 23.851648
13.822497 22.574786 836.236264 2.609890 23.853036
13.819139 22.577839 836.195055 2.609890 23.854425
13.819139 22.577839 836.195055 2.609890 23.855814
13.819139 22.577839 836.195055 2.609890 23.857203
13.819139 22.577839 836.195055 2.609890 23.858592
13.819139 22.577839 836.195055 2.609890 23.859981
13.819139 22.577839 836.195055 2.609890 23.861370
13.819139 22.577839 836.195055 2.609890 23.862759
13.819139 22.577839 836.195055 2.609890 23.864148
13.819139 22.577839 836.195055 2.609890 23.865536
13.819139 22.577839 836.195055 2.609890 23.866925
13.819139 22.577839 836.195055 2.609890 23.868314
13.819139 22.577839 836.195055 2.609890 23.869703
13.809066 22.657204 836.181319 2.609890 23.871092
13.809066 22.657204 836.181319 2.609890 23.872481
13.809066 22.657204 836.181319 2.609890 23.873870
13.809066 22.657204 836.181319 2.609890 23.875259
13.809066 22.657204 836.181319 2.609890 23.876648
13.809066 22.657204 836.181319 2.609890 23.878036
13.809066 22.657204 836.181319 2.609890 23.879425
13.809066 22.657204 836.181319 2.609890 23.880814
13.809066 22.657204 836.181319 2.609890 23.882203
13.809066 22.657204 836.181319 2.609890 23.883592
13.809066 22.657204 836.181319 2.609890 23.884981
13.809066 22.657204 836.181319 2.609890 23.886370
13.788919 22.677045 836.153846 2.609890 23.887759
13.788919 22.677045 836.153846 2.609890 23.889148
13.788919 22.677045 836.153846 2.609890 23.890536
13.788919 22.677045 836.153846 2.609890 23.891925
13.788919 22.677045 836.153846 2.609890 23.893314
13.788919 22.677045 836.153846 2.609890 23.894703
13.788919 22.677045 836.153846 2.609890 23.896092
13.788919 22.677045 836.153846 2.609890 23.897481
13.788919 22.677045 836.153846 2.609890 23.898870
13.788919 22.677045 836.153846 2.609890 23.900259
13.788919 22.677045 836.153846 2.609890 23.901648
13.788919 22.677045 836.153846 2.609890 23.903036
13.768773 22.713675 836.112637 2.609890 23.904425
13.768773 22.713675 836.112637 2.609890 23.905814
13.768773 22.713675 836.112637 2.609890 23.907203
13.768773 22.713675 836.112637 2.609890 23.908592
13.768773 22.713675 836.112637 2.609890 23.909981
13.768773 22.713675 836.112637 2.609890 23.911370
13.768773 22.713675 836.112637 2.609890 23.912759
13.768773 22.713675 836.112637 2.609890 23.914148
13.768773 22.713675 836.112637 2.609890 23.915536
13.768773 22.713675 836.112637 2.609890 23.916925
13.768773 22.713675 836.112637 2.609890 23.918314
13.768773 22.713675 836.112637 2.609890 23.919703
13.746947 22.770147 836.071429 2.609890 23.921092
13.746947 22.770147 836.071429 2.609890 23.922481
13.746947 22.770147 836.071429 2.609890 23.923870
13.746947 22.770147 836.071429 2.609890 23.925259
13.746947 22.770147 836.071429 2.609890 23.926648
13.746947 22.770147 836.071429 2.609890 23.928036
13.746947 22.770147 836.071429 2.609890 23.929425
13.746947 22.770147 836.071429 2.609890 23.930814
13.746947 22.770147 836.071429 2.609890 23.932203
13.746947 22.770147 836.071429 2.609890 23.933592
13.746947 22.770147 836.071429 2.609890 23.934981
13.746947 22.770147 836.071429 2.609890 23.936370
13.726801 22.812882 836.043956 2.609890 23.937759
13.726801 22.812882 836.043956 2.609890 23.939148
13.726801 22.812882 836.043956 2.609890 23.940536
13.726801 22.812882 836.043956 2.609890 23.941925
13.726801 22.812882 836.043956 2.609890 23.943314
13.726801 22.812882 836.043956 2.609890 23.944703
13.726801 22.812882 836.043956 2.609890 23.946092
13.726801 22.812882 836.043956 2.609890 23.947481
13.726801 22.812882 836.043956 2.609890 23.948870
13.726801 22.812882 836.043956 2.609890 23.950259
13.726801 22.812882 836.043956 2.609890 23.951648
13.726801 22.812882 836.043956 2.609890 23.953036
13.704976 22.887668 836.002747 2.640415 23.954425
13.704976 22.887668 836.002747 2.640415 23.955814
13.704976 22.887668 836.002747 2.640415 23.957203
13.704976 22.887668 836.002747 2.640415 23.958592
13.704976 22.887668 836.002747 2.640415 23.959981
13.704976 22.887668 836.002747 2.640415 23.961370
13.704976 22.887668 836.002747 2.640415 23.962759
13.704976 22.887668 836.002747 2.640415 23.964148
13.704976 22.887668 836.002747 2.640415 23.965536
13.704976 22.887668 836.002747 2.640415 23.966925
13.704976 22.887668 836.002747 2.640415 23.968314
13.704976 22.887668 836.002747 2.640415 23.969703
13.678114 22.951770 835.975275 2.640415 23.971092
13.678114 22.951770 835.975275 2.640415 23.972481
13.678114 22.951770 835.975275 2.640415 23.973870
13.678114 22.951770 835.975275 2.640415 23.975259
13.678114 22.951770 835.975275 2.640415 23.976648
13.678114 22.951770 835.975275 2.640415 23.978036
13.678114 22.951770 835.975275 2.640415 23.979425
13.678114 22.951770 835.975275 2.640415 23.980814
13.678114 22.951770 835.975275 2.640415 23.982203
13.678114 22.951770 835.975275 2.640415 23.983592
13.678114 22.951770 835.975275 2.640415 23.984981
13.678114 22.951770 835.975275 2.640415 23.986370
13.659646 23.011294 835.934066 2.655678 23.987759
13.659646 23.011294 835.934066 2.655678 23.989148
13.659646 23.011294 835.934066 2.655678 23.990536
13.659646 23.011294 835.934066 2.655678 23.991925
13.659646 23.011294 835.934066 2.655678 23.993314
13.659646 23.011294 835.934066 2.655678 23.994703
13.659646 23.011294 835.934066 2.655678 23.996092
13.659646 23.011294 835.934066 2.655678 23.997481
13.659646 23.011294 835.934066 2.655678 23.998870
13.659646 23.011294 835.934066 2.655678 0.000259
13.659646 23.011294 835.934066 2.655678 0.001648
13.659646 23.011294 835.934066 2.655678 0.003036
13.647894 23.029609 835.920330 2.655678 0.004425
13.647894 23.029609 835.920330 2.655678 0.005814
13.647894 23.029609 835.920330 2.655678 0.007203
13.647894 23.029609 835.920330 2.655678 0.008592
13.647894 23.029609 835.920330 2.655678 0.009981
13.647894 23.029609 835.920330 2.655678 0.011370
13.647894 23.029609 835.920330 2.655678 0.012759
13.647894 23.029609 835.920330 2.655678 0.014148
13.647894 23.029609 835.920330 2.655678 0.015536
13.647894 23.029609 835.920330 2.655678 0.016925
13.647894 23.029609 835.920330 2.655678 0.018314
13.647894 23.029609 835.920330 2.655678 0.019703
13.641178 23.025031 835.906593 2.655678 0.021092
13.641178 23.025031 835.906593 2.655678 0.022481
13.641178 23.025031 835.906593 2.655678 0.023870
13.641178 23.025031 835.906593 2.655678 0.025259
13.641178 23.025031 835.906593 2.655678 0.026648
13.641178 23.025031 835.906593 2.655678 0.028036
13.641178 23.025031 835.906593 2.655678 0.029425
13.641178 23.025031 835.906593 2.655678 0.030814
13.641178 23.025031 835.906593 2.655678 0.032203
13.641178 23.025031 835.906593 2.655678 0.033592
13.641178 23.025031 835.906593 2.655678 0.034981
13.641178 23.025031 835.906593 2.655678 0.036370
13.641178 22.945665 835.906593 2.655678 0.037759
13.641178 22.945665 835.906593 2.655678 0.039148
13.641178 22.945665 835.906593 2.655678 0.040536
13.641178 22.945665 835.906593 2.655678 0.041925
13.641178 22.945665 835.906593 2.655678 0.043314
13.641178 22.945665 835.906593 2.655678 0.044703
13.641178 22.945665 835.906593 2.655678 0.046092
13.641178 22.945665 835.906593 2.655678 0.047481
13.641178 22.945665 835.906593 2.655678 0.048870
13.641178 22.945665 835.906593 2.655678 0.050259
13.641178 22.945665 835.906593 2.655678 0.051648
13.641178 22.945665 835.906593 2.655678 0.053036
13.649573 22.910562 835.865385 2.655678 0.054425
13.649573 22.910562 835.865385 2.655678 0.055814
13.649573 22.910562 835.865385 2.655678 0.057203
13.649573 22.910562 835.865385 2.655678 0.058592
13.649573 22.910562 835.865385 2.655678 0.059981
13.649573 22.910562 835.865385 2.655678 0.061370
13.649573 22.910562 835.865385 2.655678 0.062759
13.649573 22.910562 835.865385 2.655678 0.064148
13.649573 22.910562 835.865385 2.655678 0.065536
13.649573 22.910562 835.865385 2.655678 0.066925
13.649573 22.910562 835.865385 2.655678 0.068314
13.649573 22.910562 835.865385 2.655678 0.069703
13.652930 22.898352 835.879121 2.655678 0.071092
13.652930 22.898352 835.879121 2.655678 0.072481
13.652930 22.898352 835.879121 2.655678 0.073870
13.652930 22.898352 835.879121 2.655678 0.075259
13.652930 22.898352 835.879121 2.655678 0.076648
13.652930 22.898352 835.879121 2.655678 0.078036
13.652930 22.898352 835.879121 2.655678 0.079425
13.652930 22.898352 835.879121 2.655678 0.080814
13.652930 22.898352 835.879121 2.655678 0.082203
13.652930 22.898352 835.879121 2.655678 0.083592
13.652930 22.898352 835.879121 2.655678 0.084981
13.652930 22.898352 835.879121 2.655678 0.086370
13.652930 22.889194 835.851648 2.655678 0.087759
13.652930 22.889194 835.851648 2.655678 0.089148
13.652930 22.889194 835.851648 2.655678 0.090536
13.652930 22.889194 835.851648 2.655678 0.091925
13.652930 22.889194 835.851648 2.655678 0.093314
13.652930 22.889194 835.851648 2.655678 0.094703
13.652930 22.889194 835.851648 2.655678 0.096092
13.652930 22.889194 835.851648 2.655678 0.097481
13.652930 22.889194 835.851648 2.655678 0.098870
13.652930 22.889194 835.851648 2.655678 0.100259
13.652930 22.889194 835.851648 2.655678 0.101648
13.652930 22.889194 835.851648 2.655678 0.103036
13.652930 22.883089 835.824176 2.655678 0.104425
13.652930 22.883089 835.824176 2.655678 0.105814
13.652930 22.883089 835.824176 2.655678 0.107203
13.652930 22.883089 835.824176 2.655678 0.108592
13.652930 22.883089 835.824176 2.655678 0.109981
13.652930 22.883089 835.824176 2.655678 0.111370
13.652930 22.883089 835.824176 2.655678 0.112759
13.652930 22.883089 835.824176 2.655678 0.114148
13.652930 22.883089 835.824176 2.655678 0.115536
13.652930 22.883089 835.824176 2.655678 0.116925
13.652930 22.883089 835.824176 2.655678 0.118314
13.652930 22.883089 835.824176 2.655678 0.119703
13.652930 22.873932 835.810440 2.655678 0.121092
13.652930 22.873932 835.810440 2.655678 0.122481
13.652930 22.873932 835.810440 2.655678 0.123870
13.652930 22.873932 835.810440 2.655678 0.125259
13.652930 22.873932 835.810440 2.655678 0.126648
13.652930 22.873932 835.810440 2.655678 0.128036
13.652930 22.873932 835.810440 2.655678 0.129425
13.652930 22.873932 835.810440 2.655678 0.130814
13.652930 22.873932 835.810440 2.655678 0.132203
13.652930 22.873932 835.810440 2.655678 0.133592
13.652930 22.873932 835.810440 2.655678 0.134981
13.652930 22.873932 835.810440 2.655678 0.136370
13.659646 22.838828 835.782967 2.655678 0.137759
13.659646 22.838828 835.782967 2.655678 0.139148
13.659646 22.838828 835.782967 2.655678 0.140536
13.659646 22.838828 835.782967 2.655678 0.141925
13.659646 22.838828 835.782967 2.655678 0.143314
13.659646 22.838828 835.782967 2.655678 0.144703
13.659646 22.838828 835.782967 2.655678 0.146092
13.659646 22.838828 835.782967 2.655678 0.147481
13.659646 22.838828 835.782967 2.655678 0.148870
13.659646 22.838828 835.782967 2.655678 0.150259
13.659646 22.838828 835.782967 2.655678 0.151648
13.659646 22.838828 835.782967 2.655678 0.153036
13.673077 22.805250 835.755495 2.655678 0.154425
13.673077 22.805250 835.755495 2.655678 0.155814
13.673077 22.805250 835.755495 2.655678 0.157203
13.673077 22.805250 835.755495 2.655678 0.158592
13.673077 22.805250 835.755495 2.655678 0.159981
13.673077 22.805250 835.755495 2.655678 0.161370
13.673077 22.805250 835.755495 2.655678 0.162759
13.673077 22.805250 835.755495 2.655678 0.164148
13.673077 22.805250 835.755495 2.655678 0.165536
13.673077 22.805250 835.755495 2.655678 0.166925
13.673077 22.805250 835.755495 2.655678 0.168314
13.673077 22.805250 835.755495 2.655678 0.169703
13.673077 22.805250 835.714286 2.655678 0.171092
13.673077 22.805250 835.714286 2.655678 0.172481
13.673077 22.805250 835.714286 2.655678 0.173870
13.673077 22.805250 835.714286 2.655678 0.175259
13.673077 22.805250 835.714286 2.655678 0.176648
13.673077 22.805250 835.714286 2.655678 0.178036
13.673077 22.805250 835.714286 2.655678 0.179425
13.673077 22.805250 835.714286 2.655678 0.180814
13.673077 22.805250 835.714286 2.655678 0.182203
13.673077 22.805250 835.714286 2.655678 0.183592
13.673077 22.805250 835.714286 2.655678 0.184981
13.673077 22.805250 835.714286 2.655678 0.186370
13.673077 22.814408 835.700549 2.655678 0.187759
13.673077 22.814408 835.700549 2.655678 0.189148
13.673077 22.814408 835.700549 2.655678 0.190536
13.673077 22.814408 835.700549 2.655678 0.191925
13.673077 22.814408 835.700549 2.655678 0.193314
13.673077 22.814408 835.700549 2.655678 0.194703
13.673077 22.814408 835.700549 2.655678 0.196092
13.673077 22.814408 835.700549 2.655678 0.197481
13.673077 22.814408 835.700549 2.655678 0.198870
13.673077 22.814408 835.700549 2.655678 0.200259
13.673077 22.814408 835.700549 2.655678 0.201648
13.673077 22.814408 835.700549 2.655678 0.203036
13.673077 22.814408 835.659341 2.655678 0.204425
13.673077 22.814408 835.659341 2.655678 0.205814
13.673077 22.814408 835.659341 2.655678 0.207203
13.673077 22.814408 835.659341 2.655678 0.208592
13.673077 22.814408 835.659341 2.655678 0.209981
13.673077 22.814408 835.659341 2.655678 0.211370
13.673077 22.814408 835.659341 2.655678 0.212759
13.673077 22.814408 835.659341 2.655678 0.214148
13.673077 22.814408 835.659341 2.655678 0.215536
13.673077 22.814408 835.659341 2.655678 0.216925
13.673077 22.814408 835.659341 2.655678 0.218314
13.673077 22.814408 835.659341 2.655678 0.219703
13.671398 22.808303 835.645604 2.655678 0.221092
13.671398 22.808303 835.645604 2.655678 0.222481
13.671398 22.808303 835.645604 2.655678 0.223870
13.671398 22.808303 835.645604 2.655678 0.225259
13.671398 22.808303 835.645604 2.655678 0.226648
13.671398 22.808303 835.645604 2.655678 0.228036
13.671398 22.808303 835.645604 2.655678 0.229425
13.671398 22.808303 835.645604 2.655678 0.230814
13.671398 22.808303 835.645604 2.655678 0.232203
13.671398 22.808303 835.645604 2.655678 0.233592
13.671398 22.808303 835.645604 2.655678 0.234981
13.671398 22.808303 835.645604 2.655678 0.236370
13.664683 22.788462 835.618132 2.640415 0.237759
13.664683 22.788462 835.618132 2.640415 0.239148
13.664683 22.788462 835.618132 2.640415 0.240536
13.664683 22.788462 835.618132 2.640415 0.241925
13.664683 22.788462 835.618132 2.640415 0.243314
13.664683 22.788462 835.618132 2.640415 0.244703
13.664683 22.788462 835.618132 2.640415 0.246092
13.664683 22.788462 835.618132 2.640415 0.247481
13.664683 22.788462 835.618132 2.640415 0.248870
13.664683 22.788462 835.618132 2.640415 0.250259
13.664683 22.788462 835.618132 2.640415 0.251648
13.664683 22.788462 835.618132 2.640415 0.253036
13.659646 22.774725 835.618132 2.640415 0.254425
13.659646 22.774725 835.618132 2.640415 0.255814
13.659646 22.774725 835.618132 2.640415 0.257203
13.659646 22.774725 835.618132 2.640415 0.258592
13.659646 22.774725 835.618132 2.640415 0.259981
13.659646 22.774725 835.618132 2.640415 0.261370
13.659646 22.774725 835.618132 2.640415 0.262759
13.659646 22.774725 835.618132 2.640415 0.264148
13.659646 22.774725 835.618132 2.640415 0.265536
13.659646 22.774725 835.618132 2.640415 0.266925
13.659646 22.774725 835.618132 2.640415 0.268314
13.659646 22.774725 835.618132 2.640415 0.269703
13.651252 22.754884 835.604396 2.625153 0.271092
13.651252 22.754884 835.604396 2.625153 0.272481
13.651252 22.754884 835.604396 2.625153 0.273870
13.651252 22.754884 835.604396 2.625153 0.275259
13.651252 22.754884 835.604396 2.625153 0.276648
13.651252 22.754884 835.604396 2.625153 0.278036
13.651252 22.754884 835.604396 2.625153 0.279425
13.651252 22.754884 835.604396 2.625153 0.280814
13.651252 22.754884 835.604396 2.625153 0.282203
13.651252 22.754884 835.604396 2.625153 0.283592
13.651252 22.754884 835.604396 2.625153 0.284981
13.651252 22.754884 835.604396 2.625153 0.286370
13.642857 22.744200 835.604396 2.625153 0.287759
13.642857 22.744200 835.604396 2.625153 0.289148
13.642857 22.744200 835.604396 2.625153 0.290536
13.642857 22.744200 835.604396 2.625153 0.291925
13.642857 22.744200 835.604396 2.625153 0.293314
13.642857 22.744200 835.604396 2.625153 0.294703
13.642857 22.744200 835.604396 2.625153 0.296092
13.642857 22.744200 835.604396 2.625153 0.297481
13.642857 22.744200 835.604396 2.625153 0.298870
13.642857 22.744200 835.604396 2.625153 0.300259
13.642857 22.744200 835.604396 2.625153 0.301648
13.642857 22.744200 835.604396 2.625153 0.303036
13.631105 22.750305 835.590659 2.625153 0.304425
13.631105 22.750305 835.590659 2.625153 0.305814
13.631105 22.750305 835.590659 2.625153 0.307203
13.631105 22.750305 835.590659 2.625153 0.308592
13.631105 22.750305 835.590659 2.625153 0.309981
13.631105 22.750305 835.590659 2.625153 0.311370
13.631105 22.750305 835.590659 2.625153 0.312759
13.631105 22.750305 835.590659 2.625153 0.314148
13.631105 22.750305 835.590659 2.625153 0.315536
13.631105 22.750305 835.590659 2.625153 0.316925
13.631105 22.750305 835.590659 2.625153 0.318314
13.631105 22.750305 835.590659 2.625153 0.319703
13.604243 22.782357 835.604396 2.625153 0.321092
13.604243 22.782357 835.604396 2.625153 0.322481
13.604243 22.782357 835.604396 2.625153 0.323870
13.604243 22.782357 835.604396 2.625153 0.325259
13.604243 22.782357 835.604396 2.625153 0.326648
13.604243 22.782357 835.604396 2.625153 0.328036
13.604243 22.782357 835.604396 2.625153 0.329425
13.604243 22.782357 835.604396 2.625153 0.330814
13.604243 22.782357 835.604396 2.625153 0.332203
13.604243 22.782357 835.604396 2.625153 0.333592
13.604243 22.782357 835.604396 2.625153 0.334981
13.604243 22.782357 835.604396 2.625153 0.336370
13.582418 22.806777 835.590659 2.625153 0.337759
13.582418 22.806777 835.590659 2.625153 0.339148
13.582418 22.806777 835.590659 2.625153 0.340536
13.582418 22.806777 835.590659 2.625153 0.341925
13.582418 22.806777 835.590659 2.625153 0.343314
13.582418 22.806777 835.590659 2.625153 0.344703
13.582418 22.806777 835.590659 2.625153 0.346092
13.582418 22.806777 835.590659 2.625153 0.347481
13.582418 22.806777 835.590659 2.625153 0.348870
13.582418 22.806777 835.590659 2.625153 0.350259
13.582418 22.806777 835.590659 2.625153 0.351648
13.582418 22.806777 835.590659 2.625153 0.353036
13.550519 22.832723 835.576923 2.625153 0.354425
13.550519 22.832723 835.576923 2.625153 0.355814
13.550519 22.832723 835.576923 2.625153 0.357203
13.550519 22.832723 835.576923 2.625153 0.358592
13.550519 22.832723 835.576923 2.625153 0.359981
13.550519 22.832723 835.576923 2.625153 0.361370
13.550519 22.832723 835.576923 2.625153 0.362759
13.550519 22.832723 835.576923 2.625153 0.364148
13.550519 22.832723 835.576923 2.625153 0.365536
13.550519 22.832723 835.576923 2.625153 0.366925
13.550519 22.832723 835.576923 2.625153 0.368314
13.550519 22.832723 835.576923 2.625153 0.369703
13.521978 22.855617 835.563187 2.625153 0.371092
13.521978 22.855617 835.563187 2.625153 0.372481
13.521978 22.855617 835.563187 2.625153 0.373870
13.521978 22.855617 835.563187 2.625153 0.375259
13.521978 22.855617 835.563187 2.625153 0.376648
13.521978 22.855617 835.563187 2.625153 0.378036
13.521978 22.855617 835.563187 2.625153 0.379425
13.521978 22.855617 835.563187 2.625153 0.380814
13.521978 22.855617 835.563187 2.625153 0.382203
13.521978 22.855617 835.563187 2.625153 0.383592
13.521978 22.855617 835.563187 2.625153 0.384981
13.521978 22.855617 835.563187 2.625153 0.386370
13.501832 22.872405 835.563187 2.625153 0.387759
13.501832 22.872405 835.563187 2.625153 0.389148
13.501832 22.872405 835.563187 2.625153 0.390536
13.501832 22.872405 835.563187 2.625153 0.391925
13.501832 22.872405 835.563187 2.625153 0.393314
13.501832 22.872405 835.563187 2.625153 0.394703
13.501832 22.872405 835.563187 2.625153 0.396092
13.501832 22.872405 835.563187 2.625153 0.397481
13.501832 22.872405 835.563187 2.625153 0.398870
13.501832 22.872405 835.563187 2.625153 0.400259
13.501832 22.872405 835.563187 2.625153 0.401648
13.501832 22.872405 835.563187 2.625153 0.403036
13.483364 22.899878 835.563187 2.625153 0.404425
13.483364 22.899878 835.563187 2.625153 0.405814
13.483364 22.899878 835.563187 2.625153 0.407203
13.483364 22.899878 835.563187 2.625153 0.408592
13.483364 22.899878 835.563187 2.625153 0.409981
13.483364 22.899878 835.563187 2.625153 0.411370
13.483364 22.899878 835.563187 2.625153 0.412759
13.483364 22.899878 835.563187 2.625153 0.414148
13.483364 22.899878 835.563187 2.625153 0.415536
13.483364 22.899878 835.563187 2.625153 0.416925
13.483364 22.899878 835.563187 2.625153 0.418314
13.483364 22.899878 835.563187 2.625153 0.419703
13.466575 22.905983 835.576923 2.625153 0.421092
13.466575 22.905983 835.576923 2.625153 0.422481
13.466575 22.905983 835.576923 2.625153 0.423870
13.466575 22.905983 835.576923 2.625153 0.425259
13.466575 22.905983 835.576923 2.625153 0.426648
13.466575 22.905983 835.576923 2.625153 0.428036
13.466575 22.905983 835.576923 2.625153 0.429425
13.466575 22.905983 835.576923 2.625153 0.430814
13.466575 22.905983 835.576923 2.625153 0.432203
13.466575 22.905983 835.576923 2.625153 0.433592
13.466575 22.905983 835.576923 2.625153 0.434981
13.466575 22.905983 835.576923 2.625153 0.436370
13.464896 22.915140 835.576923 2.625153 0.437759
13.464896 22.915140 835.576923 2.625153 0.439148
13.464896 22.915140 835.576923 2.625153 0.440536
13.464896 22.915140 835.576923 2.625153 0.441925
13.464896 22.915140 835.576923 2.625153 0.443314
13.464896 22.915140 835.576923 2.625153 0.444703
13.464896 22.915140 835.576923 2.625153 0.446092
13.464896 22.915140 835.576923 2.625153 0.447481
13.464896 22.915140 835.576923 2.625153 0.448870
13.464896 22.915140 835.576923 2.625153 0.450259
13.464896 22.915140 835.576923 2.625153 0.451648
13.464896 22.915140 835.576923 2.625153 0.453036
13.463217 22.921245 835.576923 2.625153 0.454425
13.463217 22.921245 835.576923 2.625153 0.455814
13.463217 22.921245 835.576923 2.625153 0.457203
13.463217 22.921245 835.576923 2.625153 0.458592
13.463217 22.921245 835.576923 2.625153 0.459981
13.463217 22.921245 835.576923 2.625153 0.461370
13.463217 22.921245 835.576923 2.625153 0.462759
13.463217 22.921245 835.576923 2.625153 0.464148
13.463217 22.921245 835.576923 2.625153 0.465536
13.463217 22.921245 835.576923 2.625153 0.466925
13.463217 22.921245 835.576923 2.625153 0.468314
13.463217 22.921245 835.576923 2.625153 0.469703
13.461538 22.924298 835.590659 2.625153 0.471092
13.461538 22.924298 835.590659 2.625153 0.472481
13.461538 22.924298 835.590659 2.625153 0.473870
13.461538 22.924298 835.590659 2.625153 0.475259
13.461538 22.924298 835.590659 2.625153 0.476648
13.461538 22.924298 835.590659 2.625153 0.478036
13.461538 22.924298 835.590659 2.625153 0.479425
13.461538 22.924298 835.590659 2.625153 0.480814
13.461538 22.924298 835.590659 2.625153 0.482203
13.461538 22.924298 835.590659 2.625153 0.483592
13.461538 22.924298 835.590659 2.625153 0.484981
13.461538 22.924298 835.590659 2.625153 0.486370
13.461538 22.921245 835.618132 2.625153 0.487759
13.461538 22.921245 835.618132 2.625153 0.489148
13.461538 22.921245 835.618132 2.625153 0.490536
13.461538 22.921245 835.618132 2.625153 0.491925
13.461538 22.921245 835.618132 2.625153 0.493314
13.461538 22.921245 835.618132 2.625153 0.494703
13.461538 22.921245 835.618132 2.625153 0.496092
13.461538 22.921245 835.618132 2.625153 0.497481
13.461538 22.921245 835.618132 2.625153 0.498870
13.461538 22.921245 835.618132 2.625153 0.500259
13.461538 22.921245 835.618132 2.625153 0.501648
13.461538 22.921245 835.618132 2.625153 0.503036
13.461538 22.904457 835.645604 2.625153 0.504425
13.461538 22.904457 835.645604 2.625153 0.505814
13.461538 22.904457 835.645604 2.625153 0.507203
13.461538 22.904457 835.645604 2.625153 0.508592
13.461538 22.904457 835.645604 2.625153 0.509981
13.461538 22.904457 835.645604 2.625153 0.511370
13.461538 22.904457 835.645604 2.625153 0.512759
13.461538 22.904457 835.645604 2.625153 0.514148
13.461538 22.904457 835.645604 2.625153 0.515536
13.461538 22.904457 835.645604 2.625153 0.516925
13.461538 22.904457 835.645604 2.625153 0.518314
13.461538 22.904457 835.645604 2.625153 0.519703
13.469933 22.889194 835.673077 2.625153 0.521092
13.469933 22.889194 835.673077 2.625153 0.522481
13.469933 22.889194 835.673077 2.625153 0.523870
13.469933 22.889194 835.673077 2.625153 0.525259
13.469933 22.889194 835.673077 2.625153 0.526648
13.469933 22.889194 835.673077 2.625153 0.528036
13.469933 22.889194 835.673077 2.625153 0.529425
13.469933 22.889194 835.673077 2.625153 0.530814
13.469933 22.889194 835.673077 2.625153 0.532203
13.469933 22.889194 835.673077 2.625153 0.533592
13.469933 22.889194 835.673077 2.625153 0.534981
13.469933 22.889194 835.673077 2.625153 0.536370
13.478327 22.876984 835.686813 2.625153 0.537759
13.478327 22.876984 835.686813 2.625153 0.539148
13.478327 22.876984 835.686813 2.625153 0.540536
13.478327 22.876984 835.686813 2.625153 0.541925
13.478327 22.876984 835.686813 2.625153 0.543314
13.478327 22.876984 835.686813 2.625153 0.544703
13.478327 22.876984 835.686813 2.625153 0.546092
13.478327 22.876984 835.686813 2.625153 0.547481
13.478327 22.876984 835.686813 2.625153 0.548870
13.478327 22.876984 835.686813 2.625153 0.550259
13.478327 22.876984 835.686813 2.625153 0.551648
13.478327 22.876984 835.686813 2.625153 0.553036
13.478327 22.896825 835.686813 2.625153 0.554425
13.478327 22.896825 835.686813 2.625153 0.555814
13.478327 22.896825 835.686813 2.625153 0.557203
13.478327 22.896825 835.686813 2.625153 0.558592
13.478327 22.896825 835.686813 2.625153 0.559981
13.478327 22.896825 835.686813 2.625153 0.561370
13.478327 22.896825 835.686813 2.625153 0.562759
13.478327 22.896825 835.686813 2.625153 0.564148
13.478327 22.896825 835.686813 2.625153 0.565536
13.478327 22.896825 835.686813 2.625153 0.566925
13.478327 22.896825 835.686813 2.625153 0.568314
13.478327 22.896825 835.686813 2.625153 0.569703
13.478327 22.925824 835.686813 2.625153 0.571092
13.478327 22.925824 835.686813 2.625153 0.572481
13.478327 22.925824 835.686813 2.625153 0.573870
13.478327 22.925824 835.686813 2.625153 0.575259
13.478327 22.925824 835.686813 2.625153 0.576648
13.478327 22.925824 835.686813 2.625153 0.578036
13.478327 22.925824 835.686813 2.625153 0.579425
13.478327 22.925824 835.686813 2.625153 0.580814
13.478327 22.925824 835.686813 2.625153 0.582203
13.478327 22.925824 835.686813 2.625153 0.583592
13.478327 22.925824 835.686813 2.625153 0.584981
13.478327 22.925824 835.686813 2.625153 0.586370
13.471612 22.979243 835.686813 2.625153 0.587759
13.471612 22.979243 835.686813 2.625153 0.589148
13.471612 22.979243 835.686813 2.625153 0.590536
13.471612 22.979243 835.686813 2.625153 0.591925
13.471612 22.979243 835.686813 2.625153 0.593314
13.471612 22.979243 835.686813 2.625153 0.594703
13.471612 22.979243 835.686813 2.625153 0.596092
13.471612 22.979243 835.686813 2.625153 0.597481
13.471612 22.979243 835.686813 2.625153 0.598870
13.471612 22.979243 835.686813 2.625153 0.600259
13.471612 22.979243 835.686813 2.625153 0.601648
13.471612 22.979243 835.686813 2.625153 0.603036
13.441392 23.064713 835.700549 2.625153 0.604425
13.441392 23.064713 835.700549 2.625153 0.605814
13.441392 23.064713 835.700549 2.625153 0.607203
13.441392 23.064713 835.700549 2.625153 0.608592
13.441392 23.064713 835.700549 2.625153 0.609981
13.441392 23.064713 835.700549 2.625153 0.611370
13.441392 23.064713 835.700549 2.625153 0.612759
13.441392 23.064713 835.700549 2.625153 0.614148
13.441392 23.064713 835.700549 2.625153 0.615536
13.441392 23.064713 835.700549 2.625153 0.616925
13.441392 23.064713 835.700549 2.625153 0.618314
13.441392 23.064713 835.700549 2.625153 0.619703
13.401099 23.166972 835.714286 2.625153 0.621092
13.401099 23.166972 835.714286 2.625153 0.622481
13.401099 23.166972 835.714286 2.625153 0.623870
13.401099 23.166972 835.714286 2.625153 0.625259
13.401099 23.166972 835.714286 2.625153 0.626648
13.401099 23.166972 835.714286 2.625153 0.628036
13.401099 23.166972 835.714286 2.625153 0.629425
13.401099 23.166972 835.714286 2.625153 0.630814
13.401099 23.166972 835.714286 2.625153 0.632203
13.401099 23.166972 835.714286 2.625153 0.633592
13.401099 23.166972 835.714286 2.625153 0.634981
13.401099 23.166972 835.714286 2.625153 0.636370
13.359127 23.261600 835.714286 2.625153 0.637759
13.359127 23.261600 835.714286 2.625153 0.639148
13.359127 23.261600 835.714286 2.625153 0.640536
13.359127 23.261600 835.714286 2.625153 0.641925
13.359127 23.261600 835.714286 2.625153 0.643314
13.359127 23.261600 835.714286 2.625153 0.644703
13.359127 23.261600 835.714286 2.625153 0.646092
13.359127 23.261600 835.714286 2.625153 0.647481
13.359127 23.261600 835.714286 2.625153 0.648870
13.359127 23.261600 835.714286 2.625153 0.650259
13.359127 23.261600 835.714286 2.625153 0.651648
13.359127 23.261600 835.714286 2.625153 0.653036
13.315476 23.363858 835.714286 2.625153 0.654425
13.315476 23.363858 835.714286 2.625153 0.655814
13.315476 23.363858 835.714286 2.625153 0.657203
13.315476 23.363858 835.714286 2.625153 0.658592
13.315476 23.363858 835.714286 2.625153 0.659981
13.315476 23.363858 835.714286 2.625153 0.661370
13.315476 23.363858 835.714286 2.625153 0.662759
13.315476 23.363858 835.714286 2.625153 0.664148
13.315476 23.363858 835.714286 2.625153 0.665536
13.315476 23.363858 835.714286 2.625153 0.666925
13.315476 23.363858 835.714286 2.625153 0.668314
13.315476 23.363858 835.714286 2.625153 0.669703
13.261752 23.505800 835.728022 2.640415 0.671092
13.261752 23.505800 835.728022 2.640415 0.672481
13.261752 23.505800 835.728022 2.640415 0.673870
13.261752 23.505800 835.728022 2.640415 0.675259
13.261752 23.505800 835.728022 2.640415 0.676648
13.261752 23.505800 835.728022 2.640415 0.678036
13.261752 23.505800 835.728022 2.640415 0.679425
13.261752 23.505800 835.728022 2.640415 0.680814
13.261752 23.505800 835.728022 2.640415 0.682203
13.261752 23.505800 835.728022 2.640415 0.683592
13.261752 23.505800 835.728022 2.640415 0.684981
13.261752 23.505800 835.728022 2.640415 0.686370
13.191239 23.667582 835.741758 2.640415 0.687759
13.191239 23.667582 835.741758 2.640415 0.689148
13.191239 23.667582 835.741758 2.640415 0.690536
13.191239 23.667582 835.741758 2.640415 0.691925
13.191239 23.667582 835.741758 2.640415 0.693314
13.191239 23.667582 835.741758 2.640415 0.694703
13.191239 23.667582 835.741758 2.640415 0.696092
13.191239 23.667582 835.741758 2.640415 0.697481
13.191239 23.667582 835.741758 2.640415 0.698870
13.191239 23.667582 835.741758 2.640415 0.700259
13.191239 23.667582 835.741758 2.640415 0.701648
13.191239 23.667582 835.741758 2.640415 0.703036
13.103938 23.872100 835.755495 2.655678 0.704425
13.103938 23.872100 835.755495 2.655678 0.705814
13.103938 23.872100 835.755495 2.655678 0.707203
13.103938 23.872100 835.755495 2.655678 0.708592
13.103938 23.872100 835.755495 2.655678 0.709981
13.103938 23.872100 835.755495 2.655678 0.711370
13.103938 23.872100 835.755495 2.655678 0.712759
13.103938 23.872100 835.755495 2.655678 0.714148
13.103938 23.872100 835.755495 2.655678 0.715536
13.103938 23.872100 835.755495 2.655678 0.716925
13.103938 23.872100 835.755495 2.655678 0.718314
13.103938 23.872100 835.755495 2.655678 0.719703
13.001526 24.076618 835.769231 2.670940 0.721092
13.001526 24.076618 835.769231 2.670940 0.722481
13.001526 24.076618 835.769231 2.670940 0.723870
13.001526 24.076618 835.769231 2.670940 0.725259
13.001526 24.076618 835.769231 2.670940 0.726648
13.001526 24.076618 835.769231 2.670940 0.728036
13.001526 24.076618 835.769231 2.670940 0.729425
13.001526 24.076618 835.769231 2.670940 0.730814
13.001526 24.076618 835.769231 2.670940 0.732203
13.001526 24.076618 835.769231 2.670940 0.733592
13.001526 24.076618 835.769231 2.670940 0.734981
13.001526 24.076618 835.769231 2.670940 0.736370
12.892399 24.258242 835.782967 2.670940 0.737759
12.892399 24.258242 835.782967 2.670940 0.739148
12.892399 24.258242 835.782967 2.670940 0.740536
12.892399 24.258242 835.782967 2.670940 0.741925
12.892399 24.258242 835.782967 2.670940 0.743314
12.892399 24.258242 835.782967 2.670940 0.744703
12.892399 24.258242 835.782967 2.670940 0.746092
12.892399 24.258242 835.782967 2.670940 0.747481
12.892399 24.258242 835.782967 2.670940 0.748870
12.892399 24.258242 835.782967 2.670940 0.750259
12.892399 24.258242 835.782967 2.670940 0.751648
12.892399 24.258242 835.782967 2.670940 0.753036
12.801740 24.418498 835.796703 2.686203 0.754425
12.801740 24.418498 835.796703 2.686203 0.755814
12.801740 24.418498 835.796703 2.686203 0.757203
12.801740 24.418498 835.796703 2.686203 0.758592
12.801740 24.418498 835.796703 2.686203 0.759981
12.801740 24.418498 835.796703 2.686203 0.761370
12.801740 24.418498 835.796703 2.686203 0.762759
12.801740 24.418498 835.796703 2.686203 0.764148
12.801740 24.418498 835.796703 2.686203 0.765536
12.801740 24.418498 835.796703 2.686203 0.766925
12.801740 24.418498 835.796703 2.686203 0.768314
12.801740 24.418498 835.796703 2.686203 0.769703
12.724512 24.542125 835.824176 2.686203 0.771092
12.724512 24.542125 835.824176 2.686203 0.772481
12.724512 24.542125 835.824176 2.686203 0.773870
12.724512 24.542125 835.824176 2.686203 0.775259
12.724512 24.542125 835.824176 2.686203 0.776648
12.724512 24.542125 835.824176 2.686203 0.778036
12.724512 24.542125 835.824176 2.686203 0.779425
12.724512 24.542125 835.824176 2.686203 0.780814
12.724512 24.542125 835.824176 2.686203 0.782203
12.724512 24.542125 835.824176 2.686203 0.783592
12.724512 24.542125 835.824176 2.686203 0.784981
12.724512 24.542125 835.824176 2.686203 0.786370
12.667430 24.641331 835.837912 2.686203 0.787759
12.667430 24.641331 835.837912 2.686203 0.789148
12.667430 24.641331 835.837912 2.686203 0.790536
12.667430 24.641331 835.837912 2.686203 0.791925
12.667430 24.641331 835.837912 2.686203 0.793314
12.667430 24.641331 835.837912 2.686203 0.794703
12.667430 24.641331 835.837912 2.686203 0.796092
12.667430 24.641331 835.837912 2.686203 0.797481
12.667430 24.641331 835.837912 2.686203 0.798870
12.667430 24.641331 835.837912 2.686203 0.800259
12.667430 24.641331 835.837912 2.686203 0.801648
12.667430 24.641331 835.837912 2.686203 0.803036
12.610348 24.737485 835.851648 2.686203 0.804425
12.610348 24.737485 835.851648 2.686203 0.805814
12.610348 24.737485 835.851648 2.686203 0.807203
12.610348 24.737485 835.851648 2.686203 0.808592
12.610348 24.737485 835.851648 2.686203 0.809981
12.610348 24.737485 835.851648 2.686203 0.811370
12.610348 24.737485 835.851648 2.686203 0.812759
12.610348 24.737485 835.851648 2.686203 0.814148
12.610348 24.737485 835.851648 2.686203 0.815536
12.610348 24.737485 835.851648 2.686203 0.816925
12.610348 24.737485 835.851648 2.686203 0.818314
12.610348 24.737485 835.851648 2.686203 0.819703
12.556624 24.832112 835.865385 2.686203 0.821092
12.556624 24.832112 835.865385 2.686203 0.822481
12.556624 24.832112 835.865385 2.686203 0.823870
12.556624 24.832112 835.865385 2.686203 0.825259
12.556624 24.832112 835.865385 2.686203 0.826648
12.556624 24.832112 835.865385 2.686203 0.828036
12.556624 24.832112 835.865385 2.686203 0.829425
12.556624 24.832112 835.865385 2.686203 0.830814
12.556624 24.832112 835.865385 2.686203 0.832203
12.556624 24.832112 835.865385 2.686203 0.833592
12.556624 24.832112 835.865385 2.686203 0.834981
12.556624 24.832112 835.865385 2.686203 0.836370
12.523046 24.876374 835.879121 2.686203 0.837759
12.523046 24.876374 835.879121 2.686203 0.839148
12.523046 24.876374 835.879121 2.686203 0.840536
12.523046 24.876374 835.879121 2.686203 0.841925
12.523046 24.876374 835.879121 2.686203 0.843314
12.523046 24.876374 835.879121 2.686203 0.844703
12.523046 24.876374 835.879121 2.686203 0.846092
12.523046 24.876374 835.879121 2.686203 0.847481
12.523046 24.876374 835.879121 2.686203 0.848870
12.523046 24.876374 835.879121 2.686203 0.850259
12.523046 24.876374 835.879121 2.686203 0.851648
12.523046 24.876374 835.879121 2.686203 0.853036
12.519689 24.856532 835.892857 2.670940 0.854425
12.519689 24.856532 835.892857 2.670940 0.855814
12.519689 24.856532 835.892857 2.670940 0.857203
12.519689 24.856532 835.892857 2.670940 0.858592
12.519689 24.856532 835.892857 2.670940 0.859981
12.519689 24.856532 835.892857 2.670940 0.861370
12.519689 24.856532 835.892857 2.670940 0.862759
12.519689 24.856532 835.892857 2.670940 0.864148
12.519689 24.856532 835.892857 2.670940 0.865536
12.519689 24.856532 835.892857 2.670940 0.866925
12.519689 24.856532 835.892857 2.670940 0.868314
12.519689 24.856532 835.892857 2.670940 0.869703
12.529762 24.793956 835.892857 2.670940 0.871092
12.529762 24.793956 835.892857 2.670940 0.872481
12.529762 24.793956 835.892857 2.670940 0.873870
12.529762 24.793956 835.892857 2.670940 0.875259
12.529762 24.793956 835.892857 2.670940 0.876648
12.529762 24.793956 835.892857 2.670940 0.878036
12.529762 24.793956 835.892857 2.670940 0.879425
12.529762 24.793956 835.892857 2.670940 0.880814
12.529762 24.793956 835.892857 2.670940 0.882203
12.529762 24.793956 835.892857 2.670940 0.883592
12.529762 24.793956 835.892857 2.670940 0.884981
12.529762 24.793956 835.892857 2.670940 0.886370
12.549908 24.729853 835.892857 2.670940 0.887759
12.549908 24.729853 835.892857 2.670940 0.889148
12.549908 24.729853 835.892857 2.670940 0.890536
12.549908 24.729853 835.892857 2.670940 0.891925
12.549908 24.729853 835.892857 2.670940 0.893314
12.549908 24.729853 835.892857 2.670940 0.894703
12.549908 24.729853 835.892857 2.670940 0.896092
12.549908 24.729853 835.892857 2.670940 0.897481
12.549908 24.729853 835.892857 2.670940 0.898870
12.549908 24.729853 835.892857 2.670940 0.900259
12.549908 24.729853 835.892857 2.670940 0.901648
12.549908 24.729853 835.892857 2.670940 0.903036
12.571734 24.687118 835.879121 2.670940 0.904425
12.571734 24.687118 835.879121 2.670940 0.905814
12.571734 24.687118 835.879121 2.670940 0.907203
12.571734 24.687118 835.879121 2.670940 0.908592
12.571734 24.687118 835.879121 2.670940 0.909981
12.571734 24.687118 835.879121 2.670940 0.911370
12.571734 24.687118 835.879121 2.670940 0.912759
12.571734 24.687118 835.879121 2.670940 0.914148
12.571734 24.687118 835.879121 2.670940 0.915536
12.571734 24.687118 835.879121 2.670940 0.916925
12.571734 24.687118 835.879121 2.670940 0.918314
12.571734 24.687118 835.879121 2.670940 0.919703
12.586844 24.644383 835.865385 2.670940 0.921092
12.586844 24.644383 835.865385 2.670940 0.922481
12.586844 24.644383 835.865385 2.670940 0.923870
12.586844 24.644383 835.865385 2.670940 0.925259
12.586844 24.644383 835.865385 2.670940 0.926648
12.586844 24.644383 835.865385 2.670940 0.928036
12.586844 24.644383 835.865385 2.670940 0.929425
12.586844 24.644383 835.865385 2.670940 0.930814
12.586844 24.644383 835.865385 2.670940 0.932203
12.586844 24.644383 835.865385 2.670940 0.933592
12.586844 24.644383 835.865385 2.670940 0.934981
12.586844 24.644383 835.865385 2.670940 0.936370
12.608669 24.655067 835.851648 2.670940 0.937759
12.608669 24.655067 835.851648 2.670940 0.939148
12.608669 24.655067 835.851648 2.670940 0.940536
12.608669 24.655067 835.851648 2.670940 0.941925
12.608669 24.655067 835.851648 2.670940 0.943314
12.608669 24.655067 835.851648 2.670940 0.944703
12.608669 24.655067 835.851648 2.670940 0.946092
12.608669 24.655067 835.851648 2.670940 0.947481
12.608669 24.655067 835.851648 2.670940 0.948870
12.608669 24.655067 835.851648 2.670940 0.950259
12.608669 24.655067 835.851648 2.670940 0.951648
12.608669 24.655067 835.851648 2.670940 0.953036
12.608669 24.702381 835.837912 2.670940 0.954425
12.608669 24.702381 835.837912 2.670940 0.955814
12.608669 24.702381 835.837912 2.670940 0.957203
12.608669 24.702381 835.837912 2.670940 0.958592
12.608669 24.702381 835.837912 2.670940 0.959981
12.608669 24.702381 835.837912 2.670940 0.961370
12.608669 24.702381 835.837912 2.670940 0.962759
12.608669 24.702381 835.837912 2.670940 0.964148
12.608669 24.702381 835.837912 2.670940 0.965536
12.608669 24.702381 835.837912 2.670940 0.966925
12.608669 24.702381 835.837912 2.670940 0.968314
12.608669 24.702381 835.837912 2.670940 0.969703
12.612027 24.731380 835.824176 2.670940 0.971092
12.612027 24.731380 835.824176 2.670940 0.972481
12.612027 24.731380 835.824176 2.670940 0.973870
12.612027 24.731380 835.824176 2.670940 0.975259
12.612027 24.731380 835.824176 2.670940 0.976648
12.612027 24.731380 835.824176 2.670940 0.978036
12.612027 24.731380 835.824176 2.670940 0.979425
12.612027 24.731380 835.824176 2.670940 0.980814
12.612027 24.731380 835.824176 2.670940 0.982203
12.612027 24.731380 835.824176 2.670940 0.983592
12.612027 24.731380 835.824176 2.670940 0.984981
12.612027 24.731380 835.824176 2.670940 0.986370
12.612027 24.807692 835.810440 2.670940 0.987759
12.612027 24.807692 835.810440 2.670940 0.989148
12.612027 24.807692 835.810440 2.670940 0.990536
12.612027 24.807692 835.810440 2.670940 0.991925
12.612027 24.807692 835.810440 2.670940 0.993314
12.612027 24.807692 835.810440 2.670940 0.994703
12.612027 24.807692 835.810440 2.670940 0.996092
12.612027 24.807692 835.810440 2.670940 0.997481
12.612027 24.807692 835.810440 2.670940 0.998870
12.612027 24.807692 835.810440 2.670940 1.000259
12.612027 24.807692 835.810440 2.670940 1.001648
12.612027 24.807692 835.810440 2.670940 1.003036
12.578449 25.064103 835.796703 2.670940 1.004425
12.578449 25.064103 835.796703 2.670940 1.005814
12.578449 25.064103 835.796703 2.670940 1.007203
12.578449 25.064103 835.796703 2.670940 1.008592
12.578449 25.064103 835.796703 2.670940 1.009981
12.578449 25.064103 835.796703 2.670940 1.011370
12.578449 25.064103 835.796703 2.670940 1.012759
12.578449 25.064103 835.796703 2.670940 1.014148
12.578449 25.064103 835.796703 2.670940 1.015536
12.578449 25.064103 835.796703 2.670940 1.016925
12.578449 25.064103 835.796703 2.670940 1.018314
12.578449 25.064103 835.796703 2.670940 1.019703
12.501221 25.482295 835.796703 2.670940 1.021092
12.501221 25.482295 835.796703 2.670940 1.022481
12.501221 25.482295 835.796703 2.670940 1.023870
12.501221 25.482295 835.796703 2.670940 1.025259
12.501221 25.482295 835.796703 2.670940 1.026648
12.501221 25.482295 835.796703 2.670940 1.028036
12.501221 25.482295 835.796703 2.670940 1.029425
12.501221 25.482295 835.796703 2.670940 1.030814
12.501221 25.482295 835.796703 2.670940 1.032203
12.501221 25.482295 835.796703 2.670940 1.033592
12.501221 25.482295 835.796703 2.670940 1.034981
12.501221 25.482295 835.796703 2.670940 1.036370
12.413919 25.805861 835.796703 2.670940 1.037759
12.413919 25.805861 835.796703 2.670940 1.039148
12.413919 25.805861 835.796703 2.670940 1.040536
12.413919 25.805861 835.796703 2.670940 1.041925
12.413919 25.805861 835.796703 2.670940 1.043314
12.413919 25.805861 835.796703 2.670940 1.044703
12.413919 25.805861 835.796703 2.670940 1.046092
12.413919 25.805861 835.796703 2.670940 1.047481
12.413919 25.805861 835.796703 2.670940 1.048870
12.413919 25.805861 835.796703 2.670940 1.050259
12.413919 25.805861 835.796703 2.670940 1.051648
12.413919 25.805861 835.796703 2.670940 1.053036
12.336691 26.074481 835.824176 2.670940 1.054425
12.336691 26.074481 835.824176 2.670940 1.055814
12.336691 26.074481 835.824176 2.670940 1.057203
12.336691 26.074481 835.824176 2.670940 1.058592
12.336691 26.074481 835.824176 2.670940 1.059981
12.336691 26.074481 835.824176 2.670940 1.061370
