9.977869 31.057692 835.590659 2.716728 1.791511
9.977869 31.057692 835.590659 2.716728 1.791605
9.977869 31.057692 835.590659 2.716728 1.792994
9.977869 31.057692 835.590659 2.716728 1.794383
9.977869 31.057692 835.590659 2.716728 1.795771
9.977869 31.057692 835.590659 2.716728 1.797160
9.977869 31.057692 835.590659 2.716728 1.798549
9.977869 31.057692 835.590659 2.716728 1.799938
9.977869 31.057692 835.590659 2.716728 1.801327
9.977869 31.057692 835.590659 2.716728 1.802716
9.878816 31.385836 835.604396 2.762515 1.804105
9.878816 31.385836 835.604396 2.762515 1.805494
9.878816 31.385836 835.604396 2.762515 1.806883
9.878816 31.385836 835.604396 2.762515 1.808272
9.878816 31.385836 835.604396 2.762515 1.809660
9.878816 31.385836 835.604396 2.762515 1.811049
9.878816 31.385836 835.604396 2.762515 1.812438
9.878816 31.385836 835.604396 2.762515 1.813827
9.878816 31.385836 835.604396 2.762515 1.815216
9.878816 31.385836 835.604396 2.762515 1.816605
