12.259463 26.326313 835.837912 2.670940 1.076999
12.259463 26.326313 835.837912 2.670940 1.077093
12.259463 26.326313 835.837912 2.670940 1.078482
12.259463 26.326313 835.837912 2.670940 1.079871
12.259463 26.326313 835.837912 2.670940 1.081260
12.259463 26.326313 835.837912 2.670940 1.082648
12.259463 26.326313 835.837912 2.670940 1.084037
12.259463 26.326313 835.837912 2.670940 1.085426
12.162088 26.720085 835.837912 2.716728 1.086815
12.162088 26.720085 835.837912 2.716728 1.088204
12.162088 26.720085 835.837912 2.716728 1.089593
12.162088 26.720085 835.837912 2.716728 1.090982
12.162088 26.720085 835.837912 2.716728 1.092371
12.162088 26.720085 835.837912 2.716728 1.093760
12.162088 26.720085 835.837912 2.716728 1.095148
