14.238858 22.992979 836.291209 2.731990 20.442385
14.238858 22.992979 836.291209 2.731990 20.443774
14.238858 22.992979 836.291209 2.731990 20.445163
14.238858 22.992979 836.291209 2.731990 20.446552
14.238858 22.992979 836.291209 2.731990 20.447941
14.238858 22.992979 836.291209 2.731990 20.449330
14.238858 22.992979 836.291209 2.731990 20.450719
14.238858 22.992979 836.291209 2.731990 20.452108
14.250611 23.058608 836.359890 2.731990 20.453496
14.250611 23.058608 836.359890 2.731990 20.454885
14.250611 23.058608 836.359890 2.731990 20.456274
14.250611 23.058608 836.359890 2.731990 20.457663
14.250611 23.058608 836.359890 2.731990 20.459052
14.250611 23.058608 836.359890 2.731990 20.460441
14.250611 23.058608 836.359890 2.731990 20.461830
14.250611 23.058608 836.359890 2.731990 20.463219
14.250611 23.058608 836.359890 2.731990 20.464608
14.250611 23.058608 836.359890 2.731990 20.465996
14.250611 23.058608 836.359890 2.731990 20.467385
14.250611 23.058608 836.359890 2.731990 20.468774
14.260684 23.110501 836.428571 2.731990 20.470163
14.260684 23.110501 836.428571 2.731990 20.471552
14.260684 23.110501 836.428571 2.731990 20.472941
14.260684 23.110501 836.428571 2.731990 20.474330
14.260684 23.110501 836.428571 2.731990 20.475719
14.260684 23.110501 836.428571 2.731990 20.477108
14.260684 23.110501 836.428571 2.731990 20.478496
14.260684 23.110501 836.428571 2.731990 20.479885
14.260684 23.110501 836.428571 2.731990 20.481274
14.260684 23.110501 836.428571 2.731990 20.482663
14.260684 23.110501 836.428571 2.731990 20.484052
14.260684 23.110501 836.428571 2.731990 20.485441
14.260684 23.170024 836.510989 2.762515 20.486830
14.260684 23.170024 836.510989 2.762515 20.488219
14.260684 23.170024 836.510989 2.762515 20.489608
14.260684 23.170024 836.510989 2.762515 20.490996
14.260684 23.170024 836.510989 2.762515 20.492385
14.260684 23.170024 836.510989 2.762515 20.493775
14.260684 23.170024 836.510989 2.762515 20.495163
14.260684 23.170024 836.510989 2.762515 20.496552
14.260684 23.170024 836.510989 2.762515 20.497941
14.260684 23.170024 836.510989 2.762515 20.499330
14.260684 23.170024 836.510989 2.762515 20.500719
14.260684 23.170024 836.510989 2.762515 20.502108
14.267399 23.195971 836.593407 2.762515 20.503497
14.267399 23.195971 836.593407 2.762515 20.504886
14.267399 23.195971 836.593407 2.762515 20.506275
14.267399 23.195971 836.593407 2.762515 20.507663
14.267399 23.195971 836.593407 2.762515 20.509052
14.267399 23.195971 836.593407 2.762515 20.510441
14.267399 23.195971 836.593407 2.762515 20.511830
14.267399 23.195971 836.593407 2.762515 20.513219
14.267399 23.195971 836.593407 2.762515 20.514608
14.267399 23.195971 836.593407 2.762515 20.515997
14.267399 23.195971 836.593407 2.762515 20.517386
14.267399 23.195971 836.593407 2.762515 20.518775
14.289225 23.220391 836.662088 2.762515 20.520163
14.289225 23.220391 836.662088 2.762515 20.521552
14.289225 23.220391 836.662088 2.762515 20.522941
14.289225 23.220391 836.662088 2.762515 20.524330
14.289225 23.220391 836.662088 2.762515 20.525719
14.289225 23.220391 836.662088 2.762515 20.527108
14.289225 23.220391 836.662088 2.762515 20.528497
14.289225 23.220391 836.662088 2.762515 20.529886
14.289225 23.220391 836.662088 2.762515 20.531275
14.289225 23.220391 836.662088 2.762515 20.532663
14.289225 23.220391 836.662088 2.762515 20.534052
14.289225 23.220391 836.662088 2.762515 20.535441
14.306013 23.232601 836.717033 2.762515 20.536830
14.306013 23.232601 836.717033 2.762515 20.538219
14.306013 23.232601 836.717033 2.762515 20.539608
14.306013 23.232601 836.717033 2.762515 20.540997
14.306013 23.232601 836.717033 2.762515 20.542386
14.306013 23.232601 836.717033 2.762515 20.543775
14.306013 23.232601 836.717033 2.762515 20.545163
14.306013 23.232601 836.717033 2.762515 20.546552
14.306013 23.232601 836.717033 2.762515 20.547941
14.306013 23.232601 836.717033 2.762515 20.549330
14.306013 23.232601 836.717033 2.762515 20.550719
14.306013 23.232601 836.717033 2.762515 20.552108
