12.034493 29.163614 836.002747 3.021978 21.076982
12.034493 29.163614 836.002747 3.021978 21.078371
12.034493 29.163614 836.002747 3.021978 21.079760
12.024420 29.134615 835.975275 3.021978 21.081149
12.024420 29.134615 835.975275 3.021978 21.082538
12.024420 29.134615 835.975275 3.021978 21.083927
12.024420 29.134615 835.975275 3.021978 21.085316
12.024420 29.134615 835.975275 3.021978 21.086705
12.024420 29.134615 835.975275 3.021978 21.088094
12.024420 29.134615 835.975275 3.021978 21.089482
12.024420 29.134615 835.975275 3.021978 21.090871
12.024420 29.134615 835.975275 3.021978 21.092260
12.024420 29.134615 835.975275 3.021978 21.093649
12.024420 29.134615 835.975275 3.021978 21.095038
12.024420 29.134615 835.975275 3.021978 21.096427
12.002595 29.090354 835.975275 2.991453 21.097816
12.002595 29.090354 835.975275 2.991453 21.099205
12.002595 29.090354 835.975275 2.991453 21.100594
12.002595 29.090354 835.975275 2.991453 21.101983
12.002595 29.090354 835.975275 2.991453 21.103371
12.002595 29.090354 835.975275 2.991453 21.104760
12.002595 29.090354 835.975275 2.991453 21.106149
12.002595 29.090354 835.975275 2.991453 21.107538
12.002595 29.090354 835.975275 2.991453 21.108927
12.002595 29.090354 835.975275 2.991453 21.110316
12.002595 29.090354 835.975275 2.991453 21.111705
12.002595 29.090354 835.975275 2.991453 21.113094
11.980769 29.026252 835.961538 2.945665 21.114483
11.980769 29.026252 835.961538 2.945665 21.115871
11.980769 29.026252 835.961538 2.945665 21.117260
11.980769 29.026252 835.961538 2.945665 21.118649
11.980769 29.026252 835.961538 2.945665 21.120038
11.980769 29.026252 835.961538 2.945665 21.121427
11.980769 29.026252 835.961538 2.945665 21.122816
11.980769 29.026252 835.961538 2.945665 21.124205
11.980769 29.026252 835.961538 2.945665 21.125594
11.980769 29.026252 835.961538 2.945665 21.126983
11.980769 29.026252 835.961538 2.945665 21.128371
11.980769 29.026252 835.961538 2.945665 21.129760
11.970696 28.965201 835.947802 2.930403 21.131149
11.970696 28.965201 835.947802 2.930403 21.132538
11.970696 28.965201 835.947802 2.930403 21.133927
11.970696 28.965201 835.947802 2.930403 21.135316
11.970696 28.965201 835.947802 2.930403 21.136705
11.970696 28.965201 835.947802 2.930403 21.138094
11.970696 28.965201 835.947802 2.930403 21.139482
11.970696 28.965201 835.947802 2.930403 21.140871
11.970696 28.965201 835.947802 2.930403 21.142260
11.970696 28.965201 835.947802 2.930403 21.143649
11.970696 28.965201 835.947802 2.930403 21.145038
11.970696 28.965201 835.947802 2.930403 21.146427
11.958944 28.925519 835.934066 2.930403 21.147816
11.958944 28.925519 835.934066 2.930403 21.149205
11.958944 28.925519 835.934066 2.930403 21.150594
11.958944 28.925519 835.934066 2.930403 21.151982
11.958944 28.925519 835.934066 2.930403 21.153371
11.958944 28.925519 835.934066 2.930403 21.154760
11.958944 28.925519 835.934066 2.930403 21.156149
11.958944 28.925519 835.934066 2.930403 21.157538
11.958944 28.925519 835.934066 2.930403 21.158927
11.958944 28.925519 835.934066 2.930403 21.160316
11.958944 28.925519 835.934066 2.930403 21.161705
11.958944 28.925519 835.934066 2.930403 21.163094
11.952228 28.908730 835.934066 2.930403 21.164482
11.952228 28.908730 835.934066 2.930403 21.165871
11.952228 28.908730 835.934066 2.930403 21.167260
11.952228 28.908730 835.934066 2.930403 21.168649
11.952228 28.908730 835.934066 2.930403 21.170038
11.952228 28.908730 835.934066 2.930403 21.171427
11.952228 28.908730 835.934066 2.930403 21.172816
11.952228 28.908730 835.934066 2.930403 21.174205
11.952228 28.908730 835.934066 2.930403 21.175594
11.952228 28.908730 835.934066 2.930403 21.176983
11.952228 28.908730 835.934066 2.930403 21.178371
11.952228 28.908730 835.934066 2.930403 21.179760
11.953907 28.887363 835.961538 2.930403 21.181149
11.953907 28.887363 835.961538 2.930403 21.182538
11.953907 28.887363 835.961538 2.930403 21.183927
11.953907 28.887363 835.961538 2.930403 21.185316
11.953907 28.887363 835.961538 2.930403 21.186705
11.953907 28.887363 835.961538 2.930403 21.188094
11.953907 28.887363 835.961538 2.930403 21.189483
11.953907 28.887363 835.961538 2.930403 21.190871
11.953907 28.887363 835.961538 2.930403 21.192260
11.953907 28.887363 835.961538 2.930403 21.193649
11.953907 28.887363 835.961538 2.930403 21.195038
11.953907 28.887363 835.961538 2.930403 21.196427
11.958944 28.798840 835.975275 2.930403 21.197816
11.958944 28.798840 835.975275 2.930403 21.199205
11.958944 28.798840 835.975275 2.930403 21.200594
11.958944 28.798840 835.975275 2.930403 21.201982
11.958944 28.798840 835.975275 2.930403 21.203371
11.958944 28.798840 835.975275 2.930403 21.204760
11.958944 28.798840 835.975275 2.930403 21.206149
11.958944 28.798840 835.975275 2.930403 21.207538
11.958944 28.798840 835.975275 2.930403 21.208927
11.958944 28.798840 835.975275 2.930403 21.210316
11.958944 28.798840 835.975275 2.930403 21.211705
11.958944 28.798840 835.975275 2.930403 21.213094
11.955586 28.685897 836.002747 2.930403 21.214482
11.955586 28.685897 836.002747 2.930403 21.215871
11.955586 28.685897 836.002747 2.930403 21.217260
11.955586 28.685897 836.002747 2.930403 21.218649
11.955586 28.685897 836.002747 2.930403 21.220038
11.955586 28.685897 836.002747 2.930403 21.221427
11.955586 28.685897 836.002747 2.930403 21.222816
11.955586 28.685897 836.002747 2.930403 21.224205
11.955586 28.685897 836.002747 2.930403 21.225594
11.955586 28.685897 836.002747 2.930403 21.226982
11.955586 28.685897 836.002747 2.930403 21.228371
11.955586 28.685897 836.002747 2.930403 21.229760
11.947192 28.618742 836.016484 2.930403 21.231149
11.947192 28.618742 836.016484 2.930403 21.232538
11.947192 28.618742 836.016484 2.930403 21.233927
11.947192 28.618742 836.016484 2.930403 21.235316
11.947192 28.618742 836.016484 2.930403 21.236705
11.947192 28.618742 836.016484 2.930403 21.238094
11.947192 28.618742 836.016484 2.930403 21.239483
11.947192 28.618742 836.016484 2.930403 21.240871
11.947192 28.618742 836.016484 2.930403 21.242260
11.947192 28.618742 836.016484 2.930403 21.243649
11.947192 28.618742 836.016484 2.930403 21.245038
11.947192 28.618742 836.016484 2.930403 21.246427
11.957265 28.609585 836.043956 2.930403 21.247816
11.957265 28.609585 836.043956 2.930403 21.249205
11.957265 28.609585 836.043956 2.930403 21.250594
11.957265 28.609585 836.043956 2.930403 21.251983
11.957265 28.609585 836.043956 2.930403 21.253371
11.957265 28.609585 836.043956 2.930403 21.254760
11.957265 28.609585 836.043956 2.930403 21.256149
11.957265 28.609585 836.043956 2.930403 21.257538
11.957265 28.609585 836.043956 2.930403 21.258927
11.957265 28.609585 836.043956 2.930403 21.260316
11.957265 28.609585 836.043956 2.930403 21.261705
11.957265 28.609585 836.043956 2.930403 21.263094
11.969017 28.531746 836.043956 2.930403 21.264482
11.969017 28.531746 836.043956 2.930403 21.265871
11.969017 28.531746 836.043956 2.930403 21.267260
11.969017 28.531746 836.043956 2.930403 21.268649
11.969017 28.531746 836.043956 2.930403 21.270038
11.969017 28.531746 836.043956 2.930403 21.271427
11.969017 28.531746 836.043956 2.930403 21.272816
11.969017 28.531746 836.043956 2.930403 21.274205
11.969017 28.531746 836.043956 2.930403 21.275594
11.969017 28.531746 836.043956 2.930403 21.276982
11.969017 28.531746 836.043956 2.930403 21.278371
11.969017 28.531746 836.043956 2.930403 21.279760
11.979090 28.450855 836.057692 2.884615 21.281149
11.979090 28.450855 836.057692 2.884615 21.282538
11.979090 28.450855 836.057692 2.884615 21.283927
11.979090 28.450855 836.057692 2.884615 21.285316
11.979090 28.450855 836.057692 2.884615 21.286705
11.979090 28.450855 836.057692 2.884615 21.288094
11.979090 28.450855 836.057692 2.884615 21.289483
11.979090 28.450855 836.057692 2.884615 21.290871
11.979090 28.450855 836.057692 2.884615 21.292260
11.979090 28.450855 836.057692 2.884615 21.293649
11.979090 28.450855 836.057692 2.884615 21.295038
11.979090 28.450855 836.057692 2.884615 21.296427
11.990842 28.440171 836.071429 2.884615 21.297816
11.990842 28.440171 836.071429 2.884615 21.299205
11.990842 28.440171 836.071429 2.884615 21.300594
11.990842 28.440171 836.071429 2.884615 21.301983
11.990842 28.440171 836.071429 2.884615 21.303371
11.990842 28.440171 836.071429 2.884615 21.304760
11.990842 28.440171 836.071429 2.884615 21.306149
11.990842 28.440171 836.071429 2.884615 21.307538
11.990842 28.440171 836.071429 2.884615 21.308927
11.990842 28.440171 836.071429 2.884615 21.310316
11.990842 28.440171 836.071429 2.884615 21.311705
11.990842 28.440171 836.071429 2.884615 21.313094
12.000916 28.415751 836.085165 2.884615 21.314483
12.000916 28.415751 836.085165 2.884615 21.315871
12.000916 28.415751 836.085165 2.884615 21.317260
12.000916 28.415751 836.085165 2.884615 21.318649
12.000916 28.415751 836.085165 2.884615 21.320038
12.000916 28.415751 836.085165 2.884615 21.321427
12.000916 28.415751 836.085165 2.884615 21.322816
12.000916 28.415751 836.085165 2.884615 21.324205
12.000916 28.415751 836.085165 2.884615 21.325594
12.000916 28.415751 836.085165 2.884615 21.326982
12.000916 28.415751 836.085165 2.884615 21.328371
12.000916 28.415751 836.085165 2.884615 21.329760
12.009310 28.344017 836.085165 2.884615 21.331149
12.009310 28.344017 836.085165 2.884615 21.332538
12.009310 28.344017 836.085165 2.884615 21.333927
12.009310 28.344017 836.085165 2.884615 21.335316
12.009310 28.344017 836.085165 2.884615 21.336705
12.009310 28.344017 836.085165 2.884615 21.338094
12.009310 28.344017 836.085165 2.884615 21.339482
12.009310 28.344017 836.085165 2.884615 21.340871
12.009310 28.344017 836.085165 2.884615 21.342260
12.009310 28.344017 836.085165 2.884615 21.343649
12.009310 28.344017 836.085165 2.884615 21.345038
12.009310 28.344017 836.085165 2.884615 21.346427
12.010989 28.287546 836.071429 2.884615 21.347816
12.010989 28.287546 836.071429 2.884615 21.349205
12.010989 28.287546 836.071429 2.884615 21.350594
12.010989 28.287546 836.071429 2.884615 21.351983
12.010989 28.287546 836.071429 2.884615 21.353371
12.010989 28.287546 836.071429 2.884615 21.354760
12.010989 28.287546 836.071429 2.884615 21.356149
12.010989 28.287546 836.071429 2.884615 21.357538
12.010989 28.287546 836.071429 2.884615 21.358927
12.010989 28.287546 836.071429 2.884615 21.360316
12.010989 28.287546 836.071429 2.884615 21.361705
12.010989 28.287546 836.071429 2.884615 21.363094
12.002595 28.244811 836.071429 2.884615 21.364483
12.002595 28.244811 836.071429 2.884615 21.365871
12.002595 28.244811 836.071429 2.884615 21.367260
12.002595 28.244811 836.071429 2.884615 21.368649
12.002595 28.244811 836.071429 2.884615 21.370038
12.002595 28.244811 836.071429 2.884615 21.371427
12.002595 28.244811 836.071429 2.884615 21.372816
12.002595 28.244811 836.071429 2.884615 21.374205
12.002595 28.244811 836.071429 2.884615 21.375594
12.002595 28.244811 836.071429 2.884615 21.376983
12.002595 28.244811 836.071429 2.884615 21.378371
12.002595 28.244811 836.071429 2.884615 21.379760
12.002595 28.223443 836.057692 2.884615 21.381149
12.002595 28.223443 836.057692 2.884615 21.382538
12.002595 28.223443 836.057692 2.884615 21.383927
12.002595 28.223443 836.057692 2.884615 21.385316
12.002595 28.223443 836.057692 2.884615 21.386705
12.002595 28.223443 836.057692 2.884615 21.388094
12.002595 28.223443 836.057692 2.884615 21.389482
12.002595 28.223443 836.057692 2.884615 21.390871
12.002595 28.223443 836.057692 2.884615 21.392260
12.002595 28.223443 836.057692 2.884615 21.393649
12.002595 28.223443 836.057692 2.884615 21.395038
12.002595 28.223443 836.057692 2.884615 21.396427
12.000916 28.214286 836.057692 2.884615 21.397816
12.000916 28.214286 836.057692 2.884615 21.399205
12.000916 28.214286 836.057692 2.884615 21.400594
12.000916 28.214286 836.057692 2.884615 21.401982
12.000916 28.214286 836.057692 2.884615 21.403371
12.000916 28.214286 836.057692 2.884615 21.404760
12.000916 28.214286 836.057692 2.884615 21.406149
12.000916 28.214286 836.057692 2.884615 21.407538
12.000916 28.214286 836.057692 2.884615 21.408927
12.000916 28.214286 836.057692 2.884615 21.410316
12.000916 28.214286 836.057692 2.884615 21.411705
12.000916 28.214286 836.057692 2.884615 21.413094
11.997558 28.212759 836.043956 2.884615 21.414482
11.997558 28.212759 836.043956 2.884615 21.415871
11.997558 28.212759 836.043956 2.884615 21.417260
11.997558 28.212759 836.043956 2.884615 21.418649
11.997558 28.212759 836.043956 2.884615 21.420038
11.997558 28.212759 836.043956 2.884615 21.421427
11.997558 28.212759 836.043956 2.884615 21.422816
11.997558 28.212759 836.043956 2.884615 21.424205
11.997558 28.212759 836.043956 2.884615 21.425594
11.997558 28.212759 836.043956 2.884615 21.426983
11.997558 28.212759 836.043956 2.884615 21.428371
11.997558 28.212759 836.043956 2.884615 21.429760
11.989164 28.287546 836.057692 2.884615 21.431149
11.989164 28.287546 836.057692 2.884615 21.432538
11.989164 28.287546 836.057692 2.884615 21.433927
11.989164 28.287546 836.057692 2.884615 21.435316
11.989164 28.287546 836.057692 2.884615 21.436705
11.989164 28.287546 836.057692 2.884615 21.438094
11.989164 28.287546 836.057692 2.884615 21.439483
11.989164 28.287546 836.057692 2.884615 21.440871
11.989164 28.287546 836.057692 2.884615 21.442260
11.989164 28.287546 836.057692 2.884615 21.443649
11.989164 28.287546 836.057692 2.884615 21.445038
11.989164 28.287546 836.057692 2.884615 21.446427
11.979090 28.420330 836.043956 2.915140 21.447816
11.979090 28.420330 836.043956 2.915140 21.449205
11.979090 28.420330 836.043956 2.915140 21.450594
11.979090 28.420330 836.043956 2.915140 21.451982
11.979090 28.420330 836.043956 2.915140 21.453371
11.979090 28.420330 836.043956 2.915140 21.454760
11.979090 28.420330 836.043956 2.915140 21.456149
11.979090 28.420330 836.043956 2.915140 21.457538
11.979090 28.420330 836.043956 2.915140 21.458927
11.979090 28.420330 836.043956 2.915140 21.460316
11.979090 28.420330 836.043956 2.915140 21.461705
11.979090 28.420330 836.043956 2.915140 21.463094
11.979090 28.536325 836.057692 2.915140 21.464482
11.979090 28.536325 836.057692 2.915140 21.465871
11.979090 28.536325 836.057692 2.915140 21.467260
11.979090 28.536325 836.057692 2.915140 21.468649
11.979090 28.536325 836.057692 2.915140 21.470038
11.979090 28.536325 836.057692 2.915140 21.471427
11.979090 28.536325 836.057692 2.915140 21.472816
11.979090 28.536325 836.057692 2.915140 21.474205
11.979090 28.536325 836.057692 2.915140 21.475594
11.979090 28.536325 836.057692 2.915140 21.476982
11.979090 28.536325 836.057692 2.915140 21.478371
11.979090 28.536325 836.057692 2.915140 21.479760
11.979090 28.650794 836.071429 2.915140 21.481149
11.979090 28.650794 836.071429 2.915140 21.482538
11.979090 28.650794 836.071429 2.915140 21.483927
11.979090 28.650794 836.071429 2.915140 21.485316
11.979090 28.650794 836.071429 2.915140 21.486705
11.979090 28.650794 836.071429 2.915140 21.488094
11.979090 28.650794 836.071429 2.915140 21.489483
11.979090 28.650794 836.071429 2.915140 21.490871
11.979090 28.650794 836.071429 2.915140 21.492260
11.979090 28.650794 836.071429 2.915140 21.493649
11.979090 28.650794 836.071429 2.915140 21.495038
11.979090 28.650794 836.071429 2.915140 21.496427
11.979090 28.748474 836.085165 2.915140 21.497816
11.979090 28.748474 836.085165 2.915140 21.499205
11.979090 28.748474 836.085165 2.915140 21.500594
11.979090 28.748474 836.085165 2.915140 21.501983
11.979090 28.748474 836.085165 2.915140 21.503371
11.979090 28.748474 836.085165 2.915140 21.504760
11.979090 28.748474 836.085165 2.915140 21.506149
11.979090 28.748474 836.085165 2.915140 21.507538
11.979090 28.748474 836.085165 2.915140 21.508927
11.979090 28.748474 836.085165 2.915140 21.510316
11.979090 28.748474 836.085165 2.915140 21.511705
11.979090 28.748474 836.085165 2.915140 21.513094
11.979090 28.861416 836.112637 2.915140 21.514482
11.979090 28.861416 836.112637 2.915140 21.515871
11.979090 28.861416 836.112637 2.915140 21.517260
11.979090 28.861416 836.112637 2.915140 21.518649
11.979090 28.861416 836.112637 2.915140 21.520038
11.979090 28.861416 836.112637 2.915140 21.521427
11.979090 28.861416 836.112637 2.915140 21.522816
11.979090 28.861416 836.112637 2.915140 21.524205
11.979090 28.861416 836.112637 2.915140 21.525594
11.979090 28.861416 836.112637 2.915140 21.526982
11.979090 28.861416 836.112637 2.915140 21.528371
11.979090 28.861416 836.112637 2.915140 21.529760
11.990842 29.026252 836.126374 2.945665 21.531149
11.990842 29.026252 836.126374 2.945665 21.532538
11.990842 29.026252 836.126374 2.945665 21.533927
11.990842 29.026252 836.126374 2.945665 21.535316
11.990842 29.026252 836.126374 2.945665 21.536705
11.990842 29.026252 836.126374 2.945665 21.538094
11.990842 29.026252 836.126374 2.945665 21.539483
11.990842 29.026252 836.126374 2.945665 21.540871
11.990842 29.026252 836.126374 2.945665 21.542260
11.990842 29.026252 836.126374 2.945665 21.543649
11.990842 29.026252 836.126374 2.945665 21.545038
11.990842 29.026252 836.126374 2.945665 21.546427
12.012668 29.157509 836.153846 2.976190 21.547816
12.012668 29.157509 836.153846 2.976190 21.549205
12.012668 29.157509 836.153846 2.976190 21.550594
12.012668 29.157509 836.153846 2.976190 21.551983
12.012668 29.157509 836.153846 2.976190 21.553371
12.012668 29.157509 836.153846 2.976190 21.554760
12.012668 29.157509 836.153846 2.976190 21.556149
12.012668 29.157509 836.153846 2.976190 21.557538
12.012668 29.157509 836.153846 2.976190 21.558927
12.012668 29.157509 836.153846 2.976190 21.560316
12.012668 29.157509 836.153846 2.976190 21.561705
12.012668 29.157509 836.153846 2.976190 21.563094
12.034493 29.226190 836.167582 2.991453 21.564483
12.034493 29.226190 836.167582 2.991453 21.565871
12.034493 29.226190 836.167582 2.991453 21.567260
12.034493 29.226190 836.167582 2.991453 21.568649
12.034493 29.226190 836.167582 2.991453 21.570038
12.034493 29.226190 836.167582 2.991453 21.571427
12.034493 29.226190 836.167582 2.991453 21.572816
12.034493 29.226190 836.167582 2.991453 21.574205
12.034493 29.226190 836.167582 2.991453 21.575594
12.034493 29.226190 836.167582 2.991453 21.576982
12.034493 29.226190 836.167582 2.991453 21.578371
12.034493 29.226190 836.167582 2.991453 21.579760
12.039530 29.192613 836.181319 2.991453 21.581149
12.039530 29.192613 836.181319 2.991453 21.582538
12.039530 29.192613 836.181319 2.991453 21.583927
12.039530 29.192613 836.181319 2.991453 21.585316
12.039530 29.192613 836.181319 2.991453 21.586705
12.039530 29.192613 836.181319 2.991453 21.588094
12.039530 29.192613 836.181319 2.991453 21.589482
12.039530 29.192613 836.181319 2.991453 21.590871
12.039530 29.192613 836.181319 2.991453 21.592260
12.039530 29.192613 836.181319 2.991453 21.593649
12.039530 29.192613 836.181319 2.991453 21.595038
12.039530 29.192613 836.181319 2.991453 21.596427
12.049603 29.183455 836.208791 3.006716 21.597816
12.049603 29.183455 836.208791 3.006716 21.599205
12.049603 29.183455 836.208791 3.006716 21.600594
12.049603 29.183455 836.208791 3.006716 21.601983
12.049603 29.183455 836.208791 3.006716 21.603371
12.049603 29.183455 836.208791 3.006716 21.604760
12.049603 29.183455 836.208791 3.006716 21.606149
12.049603 29.183455 836.208791 3.006716 21.607538
12.049603 29.183455 836.208791 3.006716 21.608927
12.049603 29.183455 836.208791 3.006716 21.610316
12.049603 29.183455 836.208791 3.006716 21.611705
12.049603 29.183455 836.208791 3.006716 21.613094
12.057998 29.146825 836.208791 2.976190 21.614483
12.057998 29.146825 836.208791 2.976190 21.615871
12.057998 29.146825 836.208791 2.976190 21.617260
12.057998 29.146825 836.208791 2.976190 21.618649
12.057998 29.146825 836.208791 2.976190 21.620038
12.057998 29.146825 836.208791 2.976190 21.621427
12.057998 29.146825 836.208791 2.976190 21.622816
12.057998 29.146825 836.208791 2.976190 21.624205
12.057998 29.146825 836.208791 2.976190 21.625594
12.057998 29.146825 836.208791 2.976190 21.626983
12.057998 29.146825 836.208791 2.976190 21.628371
12.057998 29.146825 836.208791 2.976190 21.629760
12.057998 28.989621 836.208791 2.899878 21.631149
12.057998 28.989621 836.208791 2.899878 21.632538
12.057998 28.989621 836.208791 2.899878 21.633927
12.057998 28.989621 836.208791 2.899878 21.635316
12.057998 28.989621 836.208791 2.899878 21.636705
12.057998 28.989621 836.208791 2.899878 21.638094
12.057998 28.989621 836.208791 2.899878 21.639482
12.057998 28.989621 836.208791 2.899878 21.640871
12.057998 28.989621 836.208791 2.899878 21.642260
12.057998 28.989621 836.208791 2.899878 21.643649
12.057998 28.989621 836.208791 2.899878 21.645038
12.057998 28.989621 836.208791 2.899878 21.646427
12.057998 28.818681 836.222527 2.899878 21.647816
12.057998 28.818681 836.222527 2.899878 21.649205
12.057998 28.818681 836.222527 2.899878 21.650594
12.057998 28.818681 836.222527 2.899878 21.651982
12.057998 28.818681 836.222527 2.899878 21.653371
12.057998 28.818681 836.222527 2.899878 21.654760
12.057998 28.818681 836.222527 2.899878 21.656149
12.057998 28.818681 836.222527 2.899878 21.657538
12.057998 28.818681 836.222527 2.899878 21.658927
12.057998 28.818681 836.222527 2.899878 21.660316
12.057998 28.818681 836.222527 2.899878 21.661705
12.057998 28.818681 836.222527 2.899878 21.663094
12.057998 28.711844 836.222527 2.899878 21.664482
12.057998 28.711844 836.222527 2.899878 21.665871
12.057998 28.711844 836.222527 2.899878 21.667260
12.057998 28.711844 836.222527 2.899878 21.668649
12.057998 28.711844 836.222527 2.899878 21.670038
12.057998 28.711844 836.222527 2.899878 21.671427
12.057998 28.711844 836.222527 2.899878 21.672816
12.057998 28.711844 836.222527 2.899878 21.674205
12.057998 28.711844 836.222527 2.899878 21.675594
12.057998 28.711844 836.222527 2.899878 21.676983
12.057998 28.711844 836.222527 2.899878 21.678371
12.057998 28.711844 836.222527 2.899878 21.679760
12.057998 28.579060 836.222527 2.899878 21.681149
12.057998 28.579060 836.222527 2.899878 21.682538
12.057998 28.579060 836.222527 2.899878 21.683927
12.057998 28.579060 836.222527 2.899878 21.685316
12.057998 28.579060 836.222527 2.899878 21.686705
12.057998 28.579060 836.222527 2.899878 21.688094
12.057998 28.579060 836.222527 2.899878 21.689483
12.057998 28.579060 836.222527 2.899878 21.690871
12.057998 28.579060 836.222527 2.899878 21.692260
12.057998 28.579060 836.222527 2.899878 21.693649
12.057998 28.579060 836.222527 2.899878 21.695038
12.057998 28.579060 836.222527 2.899878 21.696427
12.071429 28.371490 836.236264 2.899878 21.697816
12.071429 28.371490 836.236264 2.899878 21.699205
12.071429 28.371490 836.236264 2.899878 21.700594
12.071429 28.371490 836.236264 2.899878 21.701982
12.071429 28.371490 836.236264 2.899878 21.703371
12.071429 28.371490 836.236264 2.899878 21.704760
12.071429 28.371490 836.236264 2.899878 21.706149
12.071429 28.371490 836.236264 2.899878 21.707538
12.071429 28.371490 836.236264 2.899878 21.708927
12.071429 28.371490 836.236264 2.899878 21.710316
12.071429 28.371490 836.236264 2.899878 21.711705
12.071429 28.371490 836.236264 2.899878 21.713094
12.074786 28.145604 836.222527 2.899878 21.714482
12.074786 28.145604 836.222527 2.899878 21.715871
12.074786 28.145604 836.222527 2.899878 21.717260
12.074786 28.145604 836.222527 2.899878 21.718649
12.074786 28.145604 836.222527 2.899878 21.720038
12.074786 28.145604 836.222527 2.899878 21.721427
12.074786 28.145604 836.222527 2.899878 21.722816
12.074786 28.145604 836.222527 2.899878 21.724205
12.074786 28.145604 836.222527 2.899878 21.725594
12.074786 28.145604 836.222527 2.899878 21.726982
12.074786 28.145604 836.222527 2.899878 21.728371
12.074786 28.145604 836.222527 2.899878 21.729763
12.086538 27.950244 836.236264 2.899878 21.731152
12.086538 27.950244 836.236264 2.899878 21.732541
12.086538 27.950244 836.236264 2.899878 21.733929
12.086538 27.950244 836.236264 2.899878 21.735318
12.086538 27.950244 836.236264 2.899878 21.736707
12.086538 27.950244 836.236264 2.899878 21.738096
12.086538 27.950244 836.236264 2.899878 21.739485
12.086538 27.950244 836.236264 2.899878 21.740874
12.086538 27.950244 836.236264 2.899878 21.742263
12.086538 27.950244 836.236264 2.899878 21.743652
12.086538 27.950244 836.236264 2.899878 21.745041
12.086538 27.950244 836.236264 2.899878 21.746429
12.110043 27.817460 836.236264 2.899878 21.747818
12.110043 27.817460 836.236264 2.899878 21.749207
12.110043 27.817460 836.236264 2.899878 21.750596
12.110043 27.817460 836.236264 2.899878 21.751985
12.110043 27.817460 836.236264 2.899878 21.753374
12.110043 27.817460 836.236264 2.899878 21.754763
12.110043 27.817460 836.236264 2.899878 21.756152
12.110043 27.817460 836.236264 2.899878 21.757541
12.110043 27.817460 836.236264 2.899878 21.758929
12.110043 27.817460 836.236264 2.899878 21.760318
12.110043 27.817460 836.236264 2.899878 21.761707
12.110043 27.817460 836.236264 2.899878 21.763096
12.141941 27.652625 836.236264 2.899878 21.764485
12.141941 27.652625 836.236264 2.899878 21.765874
12.141941 27.652625 836.236264 2.899878 21.767263
12.141941 27.652625 836.236264 2.899878 21.768652
12.141941 27.652625 836.236264 2.899878 21.770041
12.141941 27.652625 836.236264 2.899878 21.771429
12.141941 27.652625 836.236264 2.899878 21.772818
12.141941 27.652625 836.236264 2.899878 21.774207
12.141941 27.652625 836.236264 2.899878 21.775596
12.141941 27.652625 836.236264 2.899878 21.776985
12.141941 27.652625 836.236264 2.899878 21.778374
12.141941 27.652625 836.236264 2.899878 21.779763
12.187271 27.521368 836.263736 2.899878 21.781152
12.187271 27.521368 836.263736 2.899878 21.782541
12.187271 27.521368 836.263736 2.899878 21.783929
12.187271 27.521368 836.263736 2.899878 21.785318
12.187271 27.521368 836.263736 2.899878 21.786707
12.187271 27.521368 836.263736 2.899878 21.788096
12.187271 27.521368 836.263736 2.899878 21.789485
12.187271 27.521368 836.263736 2.899878 21.790874
12.187271 27.521368 836.263736 2.899878 21.792263
12.187271 27.521368 836.263736 2.899878 21.793652
12.187271 27.521368 836.263736 2.899878 21.795041
12.187271 27.521368 836.263736 2.899878 21.796429
12.237637 27.463370 836.291209 2.899878 21.797818
12.237637 27.463370 836.291209 2.899878 21.799207
12.237637 27.463370 836.291209 2.899878 21.800596
12.237637 27.463370 836.291209 2.899878 21.801985
12.237637 27.463370 836.291209 2.899878 21.803374
12.237637 27.463370 836.291209 2.899878 21.804763
12.237637 27.463370 836.291209 2.899878 21.806152
12.237637 27.463370 836.291209 2.899878 21.807541
12.237637 27.463370 836.291209 2.899878 21.808929
12.237637 27.463370 836.291209 2.899878 21.810318
12.237637 27.463370 836.291209 2.899878 21.811707
12.237637 27.463370 836.291209 2.899878 21.813096
12.291361 27.405372 836.318681 2.899878 21.814485
12.291361 27.405372 836.318681 2.899878 21.815874
12.291361 27.405372 836.318681 2.899878 21.817263
12.291361 27.405372 836.318681 2.899878 21.818652
12.291361 27.405372 836.318681 2.899878 21.820041
12.291361 27.405372 836.318681 2.899878 21.821429
12.291361 27.405372 836.318681 2.899878 21.822818
12.291361 27.405372 836.318681 2.899878 21.824207
12.291361 27.405372 836.318681 2.899878 21.825596
12.291361 27.405372 836.318681 2.899878 21.826985
12.291361 27.405372 836.318681 2.899878 21.828374
12.291361 27.405372 836.318681 2.899878 21.829763
12.358516 27.290904 836.346154 2.899878 21.831152
12.358516 27.290904 836.346154 2.899878 21.832541
12.358516 27.290904 836.346154 2.899878 21.833929
12.358516 27.290904 836.346154 2.899878 21.835318
12.358516 27.290904 836.346154 2.899878 21.836707
12.358516 27.290904 836.346154 2.899878 21.838096
12.358516 27.290904 836.346154 2.899878 21.839485
12.358516 27.290904 836.346154 2.899878 21.840874
12.358516 27.290904 836.346154 2.899878 21.842263
12.358516 27.290904 836.346154 2.899878 21.843652
12.358516 27.290904 836.346154 2.899878 21.845041
12.358516 27.290904 836.346154 2.899878 21.846429
12.429029 27.210012 836.346154 2.899878 21.847818
12.429029 27.210012 836.346154 2.899878 21.849207
12.429029 27.210012 836.346154 2.899878 21.850596
12.429029 27.210012 836.346154 2.899878 21.851985
12.429029 27.210012 836.346154 2.899878 21.853374
12.429029 27.210012 836.346154 2.899878 21.854763
12.429029 27.210012 836.346154 2.899878 21.856152
12.429029 27.210012 836.346154 2.899878 21.857541
12.429029 27.210012 836.346154 2.899878 21.858929
12.429029 27.210012 836.346154 2.899878 21.860318
12.429029 27.210012 836.346154 2.899878 21.861707
12.429029 27.210012 836.346154 2.899878 21.863096
12.501221 27.162698 836.387363 2.899878 21.864485
12.501221 27.162698 836.387363 2.899878 21.865874
12.501221 27.162698 836.387363 2.899878 21.867263
12.501221 27.162698 836.387363 2.899878 21.868652
12.501221 27.162698 836.387363 2.899878 21.870041
12.501221 27.162698 836.387363 2.899878 21.871429
12.501221 27.162698 836.387363 2.899878 21.872818
12.501221 27.162698 836.387363 2.899878 21.874207
12.501221 27.162698 836.387363 2.899878 21.875596
12.501221 27.162698 836.387363 2.899878 21.876985
12.501221 27.162698 836.387363 2.899878 21.878374
12.501221 27.162698 836.387363 2.899878 21.879763
12.573413 27.069597 836.414835 2.899878 21.881152
12.573413 27.069597 836.414835 2.899878 21.882541
12.573413 27.069597 836.414835 2.899878 21.883929
12.573413 27.069597 836.414835 2.899878 21.885318
12.573413 27.069597 836.414835 2.899878 21.886707
12.573413 27.069597 836.414835 2.899878 21.888096
12.573413 27.069597 836.414835 2.899878 21.889485
12.573413 27.069597 836.414835 2.899878 21.890874
12.573413 27.069597 836.414835 2.899878 21.892263
12.573413 27.069597 836.414835 2.899878 21.893652
12.573413 27.069597 836.414835 2.899878 21.895041
12.573413 27.069597 836.414835 2.899878 21.896429
12.640568 26.973443 836.428571 2.899878 21.897818
12.640568 26.973443 836.428571 2.899878 21.899207
12.640568 26.973443 836.428571 2.899878 21.900596
12.640568 26.973443 836.428571 2.899878 21.901985
12.640568 26.973443 836.428571 2.899878 21.903374
12.640568 26.973443 836.428571 2.899878 21.904763
12.640568 26.973443 836.428571 2.899878 21.906152
12.640568 26.973443 836.428571 2.899878 21.907541
12.640568 26.973443 836.428571 2.899878 21.908929
12.640568 26.973443 836.428571 2.899878 21.910318
12.640568 26.973443 836.428571 2.899878 21.911707
12.640568 26.973443 836.428571 2.899878 21.913097
12.701007 26.872711 836.469780 2.899878 21.914486
12.701007 26.872711 836.469780 2.899878 21.915875
12.701007 26.872711 836.469780 2.899878 21.917264
12.701007 26.872711 836.469780 2.899878 21.918653
12.701007 26.872711 836.469780 2.899878 21.920042
12.701007 26.872711 836.469780 2.899878 21.921431
12.701007 26.872711 836.469780 2.899878 21.922820
12.701007 26.872711 836.469780 2.899878 21.924209
12.701007 26.872711 836.469780 2.899878 21.925598
12.701007 26.872711 836.469780 2.899878 21.926986
12.701007 26.872711 836.469780 2.899878 21.928375
12.701007 26.872711 836.469780 2.899878 21.929764
12.756410 26.800977 836.497253 2.915140 21.931153
12.756410 26.800977 836.497253 2.915140 21.932542
12.756410 26.800977 836.497253 2.915140 21.933931
12.756410 26.800977 836.497253 2.915140 21.935320
