1.944444 64.774115 835.453297 3.373016 23.658536
1.944444 64.774115 835.453297 3.373016 23.659925
1.944444 64.774115 835.453297 3.373016 23.661313
1.944444 64.774115 835.453297 3.373016 23.662702
1.944444 64.774115 835.453297 3.373016 23.664091
1.944444 64.774115 835.453297 3.373016 23.665480
1.944444 64.774115 835.453297 3.373016 23.666869
1.944444 64.774115 835.453297 3.373016 23.668258
1.944444 64.774115 835.453297 3.373016 23.669647
1.944444 64.774115 835.453297 3.373016 23.671036
1.920940 64.783272 835.467033 3.357753 23.672425
1.920940 64.783272 835.467033 3.357753 23.673813
1.920940 64.783272 835.467033 3.357753 23.675202
1.920940 64.783272 835.467033 3.357753 23.676591
1.920940 64.783272 835.467033 3.357753 23.677980
1.920940 64.783272 835.467033 3.357753 23.679369
1.920940 64.783272 835.467033 3.357753 23.680758
1.920940 64.783272 835.467033 3.357753 23.682147
