11.285714 29.502442 835.837912 2.808303 1.219015
11.285714 29.502442 835.837912 2.808303 1.219108
11.205128 29.670330 835.810440 2.808303 1.220497
11.205128 29.670330 835.810440 2.808303 1.221886
11.205128 29.670330 835.810440 2.808303 1.223275
11.205128 29.670330 835.810440 2.808303 1.224664
11.205128 29.670330 835.810440 2.808303 1.226053
11.205128 29.670330 835.810440 2.808303 1.227442
11.205128 29.670330 835.810440 2.808303 1.228831
11.205128 29.670330 835.810440 2.808303 1.230220
11.205128 29.670330 835.810440 2.808303 1.231611
11.205128 29.670330 835.810440 2.808303 1.233000
11.205128 29.670330 835.810440 2.808303 1.234388
11.205128 29.670330 835.810440 2.808303 1.235778
