11.137973 29.868742 835.796703 2.838828 1.238167
11.137973 29.868742 835.796703 2.838828 1.238263
11.137973 29.868742 835.796703 2.838828 1.239652
11.137973 29.868742 835.796703 2.838828 1.241041
11.137973 29.868742 835.796703 2.838828 1.242430
11.137973 29.868742 835.796703 2.838828 1.243819
11.137973 29.868742 835.796703 2.838828 1.245208
11.137973 29.868742 835.796703 2.838828 1.246596
11.137973 29.868742 835.796703 2.838828 1.247985
11.137973 29.868742 835.796703 2.838828 1.249374
11.137973 29.868742 835.796703 2.838828 1.250763
11.137973 29.868742 835.796703 2.838828 1.252152
11.077534 30.019841 835.796703 2.838828 1.253541
11.077534 30.019841 835.796703 2.838828 1.254930
11.077534 30.019841 835.796703 2.838828 1.256319
11.077534 30.019841 835.796703 2.838828 1.257708
11.077534 30.019841 835.796703 2.838828 1.259097
11.077534 30.019841 835.796703 2.838828 1.260486
11.077534 30.019841 835.796703 2.838828 1.261875
11.077534 30.019841 835.796703 2.838828 1.263264
11.077534 30.019841 835.796703 2.838828 1.264653
11.077534 30.019841 835.796703 2.838828 1.266042
