2.065324 64.867216 835.425824 3.403541 23.554380
2.053571 64.900794 835.412088 3.403541 23.555769
2.053571 64.900794 835.412088 3.403541 23.557158
2.053571 64.900794 835.412088 3.403541 23.558546
2.053571 64.900794 835.412088 3.403541 23.559935
2.053571 64.900794 835.412088 3.403541 23.561326
2.053571 64.900794 835.412088 3.403541 23.562715
2.053571 64.900794 835.412088 3.403541 23.564104
2.053571 64.900794 835.412088 3.403541 23.565493
2.053571 64.900794 835.412088 3.403541 23.566882
2.053571 64.900794 835.412088 3.403541 23.568271
2.053571 64.900794 835.412088 3.403541 23.569660
2.053571 64.900794 835.412088 3.403541 23.571049
2.046856 64.946581 835.425824 3.403541 23.572438
2.046856 64.946581 835.425824 3.403541 23.573826
2.046856 64.946581 835.425824 3.403541 23.575215
2.046856 64.946581 835.425824 3.403541 23.576604
2.046856 64.946581 835.425824 3.403541 23.577993
2.046856 64.946581 835.425824 3.403541 23.579382
2.046856 64.946581 835.425824 3.403541 23.580771
