2.144231 64.775641 835.467033 3.403541 23.495585
2.144231 64.775641 835.467033 3.403541 23.496974
2.144231 64.775641 835.467033 3.403541 23.498363
2.144231 64.775641 835.467033 3.403541 23.499752
2.144231 64.775641 835.467033 3.403541 23.501141
2.144231 64.775641 835.467033 3.403541 23.502530
2.144231 64.775641 835.467033 3.403541 23.503918
2.144231 64.775641 835.467033 3.403541 23.505307
2.103938 64.761905 835.467033 3.403541 23.506697
2.103938 64.761905 835.467033 3.403541 23.508086
2.103938 64.761905 835.467033 3.403541 23.509475
2.103938 64.761905 835.467033 3.403541 23.510864
2.103938 64.761905 835.467033 3.403541 23.512253
2.103938 64.761905 835.467033 3.403541 23.513641
2.103938 64.761905 835.467033 3.403541 23.515030
2.103938 64.761905 835.467033 3.403541 23.516419
2.103938 64.761905 835.467033 3.403541 23.517808
2.103938 64.761905 835.467033 3.403541 23.519197
2.103938 64.761905 835.467033 3.403541 23.520586
2.103938 64.761905 835.467033 3.403541 23.521975
2.080433 64.798535 835.439560 3.403541 23.523364
2.080433 64.798535 835.439560 3.403541 23.524753
2.080433 64.798535 835.439560 3.403541 23.526142
2.080433 64.798535 835.439560 3.403541 23.527531
2.080433 64.798535 835.439560 3.403541 23.528920
2.080433 64.798535 835.439560 3.403541 23.530308
2.080433 64.798535 835.439560 3.403541 23.531697
2.080433 64.798535 835.439560 3.403541 23.533086
2.080433 64.798535 835.439560 3.403541 23.534475
2.080433 64.798535 835.439560 3.403541 23.535864
2.080433 64.798535 835.439560 3.403541 23.537253
