11.497253 29.087302 835.851648 2.808303 1.186583
11.386447 29.279609 835.851648 2.808303 1.186678
11.386447 29.279609 835.851648 2.808303 1.188066
11.386447 29.279609 835.851648 2.808303 1.189455
11.386447 29.279609 835.851648 2.808303 1.190846
11.386447 29.279609 835.851648 2.808303 1.192235
11.386447 29.279609 835.851648 2.808303 1.193624
11.386447 29.279609 835.851648 2.808303 1.195014
11.386447 29.279609 835.851648 2.808303 1.196403
11.386447 29.279609 835.851648 2.808303 1.197791
11.386447 29.279609 835.851648 2.808303 1.199180
11.386447 29.279609 835.851648 2.808303 1.200569
11.386447 29.279609 835.851648 2.808303 1.201958
11.285714 29.502442 835.837912 2.808303 1.203347
11.285714 29.502442 835.837912 2.808303 1.204736
11.285714 29.502442 835.837912 2.808303 1.206125
11.285714 29.502442 835.837912 2.808303 1.207514
11.285714 29.502442 835.837912 2.808303 1.208903
11.285714 29.502442 835.837912 2.808303 1.210291
11.285714 29.502442 835.837912 2.808303 1.211680
11.285714 29.502442 835.837912 2.808303 1.213069
11.285714 29.502442 835.837912 2.808303 1.214458
11.285714 29.502442 835.837912 2.808303 1.215847
11.285714 29.502442 835.837912 2.808303 1.217236
