5.011752 57.347375 831.538462 3.708791 21.729320
5.011752 57.347375 831.538462 3.708791 21.730709
5.011752 57.347375 831.538462 3.708791 21.732098
5.011752 57.347375 831.538462 3.708791 21.733487
5.011752 57.347375 831.538462 3.708791 21.734876
5.011752 57.347375 831.538462 3.708791 21.736265
5.011752 57.347375 831.538462 3.708791 21.737654
5.011752 57.347375 831.538462 3.708791 21.739043
5.011752 57.347375 831.538462 3.708791 21.740431
5.011752 57.347375 831.538462 3.708791 21.741820
5.097375 57.168803 831.538462 3.708791 21.743209
5.097375 57.168803 831.538462 3.708791 21.744600
5.097375 57.168803 831.538462 3.708791 21.745989
5.097375 57.168803 831.538462 3.708791 21.747378
5.097375 57.168803 831.538462 3.708791 21.748767
5.097375 57.168803 831.538462 3.708791 21.750156
5.097375 57.168803 831.538462 3.708791 21.751545
5.097375 57.168803 831.538462 3.708791 21.752934
5.097375 57.168803 831.538462 3.708791 21.754323
5.097375 57.168803 831.538462 3.708791 21.755712
5.097375 57.168803 831.538462 3.708791 21.757101
5.097375 57.168803 831.538462 3.708791 21.758490
5.154457 57.022283 831.510989 3.708791 21.759879
5.154457 57.022283 831.510989 3.708791 21.761268
5.154457 57.022283 831.510989 3.708791 21.762657
5.154457 57.022283 831.510989 3.708791 21.764046
5.154457 57.022283 831.510989 3.708791 21.765435
5.154457 57.022283 831.510989 3.708791 21.766824
5.154457 57.022283 831.510989 3.708791 21.768213
5.154457 57.022283 831.510989 3.708791 21.769603
5.154457 57.022283 831.510989 3.708791 21.770992
5.154457 57.022283 831.510989 3.708791 21.772381
5.154457 57.022283 831.510989 3.708791 21.773770
5.154457 57.022283 831.510989 3.708791 21.775161
5.219933 57.049756 831.483516 3.708791 21.776550
5.219933 57.049756 831.483516 3.708791 21.777939
5.219933 57.049756 831.483516 3.708791 21.779328
5.219933 57.049756 831.483516 3.708791 21.780717
5.219933 57.049756 831.483516 3.708791 21.782106
5.219933 57.049756 831.483516 3.708791 21.783495
5.219933 57.049756 831.483516 3.708791 21.784884
5.219933 57.049756 831.483516 3.708791 21.786274
5.219933 57.049756 831.483516 3.708791 21.787663
5.219933 57.049756 831.483516 3.708791 21.789052
5.219933 57.049756 831.483516 3.708791 21.790441
5.219933 57.049756 831.483516 3.708791 21.791830
5.293803 57.019231 831.442308 3.708791 21.793218
5.293803 57.019231 831.442308 3.708791 21.794607
5.293803 57.019231 831.442308 3.708791 21.795996
5.293803 57.019231 831.442308 3.708791 21.797385
5.293803 57.019231 831.442308 3.708791 21.798774
5.293803 57.019231 831.442308 3.708791 21.800163
5.293803 57.019231 831.442308 3.708791 21.801552
5.293803 57.019231 831.442308 3.708791 21.802944
5.293803 57.019231 831.442308 3.708791 21.804333
5.293803 57.019231 831.442308 3.708791 21.805722
5.293803 57.019231 831.442308 3.708791 21.807110
5.293803 57.019231 831.442308 3.708791 21.808499
5.367674 57.075702 831.414835 3.708791 21.809888
5.367674 57.075702 831.414835 3.708791 21.811277
5.367674 57.075702 831.414835 3.708791 21.812666
5.367674 57.075702 831.414835 3.708791 21.814055
5.367674 57.075702 831.414835 3.708791 21.815444
5.367674 57.075702 831.414835 3.708791 21.816833
5.367674 57.075702 831.414835 3.708791 21.818221
5.367674 57.075702 831.414835 3.708791 21.819611
5.367674 57.075702 831.414835 3.708791 21.821000
5.367674 57.075702 831.414835 3.708791 21.822389
5.367674 57.075702 831.414835 3.708791 21.823778
5.367674 57.075702 831.414835 3.708791 21.825166
5.468407 57.144383 831.373626 3.769841 21.826555
5.468407 57.144383 831.373626 3.769841 21.827944
5.468407 57.144383 831.373626 3.769841 21.829333
5.468407 57.144383 831.373626 3.769841 21.830722
5.468407 57.144383 831.373626 3.769841 21.832111
5.468407 57.144383 831.373626 3.769841 21.833500
5.468407 57.144383 831.373626 3.769841 21.834889
5.468407 57.144383 831.373626 3.769841 21.836278
5.468407 57.144383 831.373626 3.769841 21.837667
5.468407 57.144383 831.373626 3.769841 21.839056
5.468407 57.144383 831.373626 3.769841 21.840445
5.468407 57.144383 831.373626 3.769841 21.841834
5.535562 57.097070 831.387363 3.800366 21.843223
5.535562 57.097070 831.387363 3.800366 21.844612
5.535562 57.097070 831.387363 3.800366 21.846001
5.535562 57.097070 831.387363 3.800366 21.847391
5.535562 57.097070 831.387363 3.800366 21.848780
5.535562 57.097070 831.387363 3.800366 21.850170
5.535562 57.097070 831.387363 3.800366 21.851559
5.535562 57.097070 831.387363 3.800366 21.852949
5.535562 57.097070 831.387363 3.800366 21.854338
5.535562 57.097070 831.387363 3.800366 21.855728
5.535562 57.097070 831.387363 3.800366 21.857117
5.535562 57.097070 831.387363 3.800366 21.858505
5.577534 57.119963 831.428571 3.815629 21.859895
5.577534 57.119963 831.428571 3.815629 21.861283
5.577534 57.119963 831.428571 3.815629 21.862672
5.577534 57.119963 831.428571 3.815629 21.864061
5.577534 57.119963 831.428571 3.815629 21.865450
5.577534 57.119963 831.428571 3.815629 21.866839
5.577534 57.119963 831.428571 3.815629 21.868228
5.577534 57.119963 831.428571 3.815629 21.869617
5.577534 57.119963 831.428571 3.815629 21.871006
5.577534 57.119963 831.428571 3.815629 21.872395
5.577534 57.119963 831.428571 3.815629 21.873783
5.577534 57.119963 831.428571 3.815629 21.875174
5.592643 57.133700 831.456044 3.830891 21.876563
5.592643 57.133700 831.456044 3.830891 21.877953
5.592643 57.133700 831.456044 3.830891 21.879343
5.592643 57.133700 831.456044 3.830891 21.880732
5.592643 57.133700 831.456044 3.830891 21.882123
5.592643 57.133700 831.456044 3.830891 21.883511
5.592643 57.133700 831.456044 3.830891 21.884900
5.592643 57.133700 831.456044 3.830891 21.886291
5.592643 57.133700 831.456044 3.830891 21.887680
5.592643 57.133700 831.456044 3.830891 21.889069
5.592643 57.133700 831.456044 3.830891 21.890458
5.592643 57.133700 831.456044 3.830891 21.891847
5.574176 57.213065 831.469780 3.830891 21.893236
5.574176 57.213065 831.469780 3.830891 21.894626
5.574176 57.213065 831.469780 3.830891 21.896015
5.574176 57.213065 831.469780 3.830891 21.897404
5.574176 57.213065 831.469780 3.830891 21.898794
5.574176 57.213065 831.469780 3.830891 21.900183
5.574176 57.213065 831.469780 3.830891 21.901571
5.574176 57.213065 831.469780 3.830891 21.902960
5.574176 57.213065 831.469780 3.830891 21.904349
5.574176 57.213065 831.469780 3.830891 21.905738
5.574176 57.213065 831.469780 3.830891 21.907130
5.574176 57.213065 831.469780 3.830891 21.908520
5.538919 57.344322 831.497253 3.830891 21.909909
5.538919 57.344322 831.497253 3.830891 21.911298
5.538919 57.344322 831.497253 3.830891 21.912687
5.538919 57.344322 831.497253 3.830891 21.914076
5.538919 57.344322 831.497253 3.830891 21.915465
5.538919 57.344322 831.497253 3.830891 21.916853
5.538919 57.344322 831.497253 3.830891 21.918242
5.538919 57.344322 831.497253 3.830891 21.919631
5.538919 57.344322 831.497253 3.830891 21.921020
5.538919 57.344322 831.497253 3.830891 21.922409
5.538919 57.344322 831.497253 3.830891 21.923798
5.538919 57.344322 831.497253 3.830891 21.925187
5.513736 57.457265 831.552198 3.830891 21.926576
5.513736 57.457265 831.552198 3.830891 21.927965
5.513736 57.457265 831.552198 3.830891 21.929354
5.513736 57.457265 831.552198 3.830891 21.930743
5.513736 57.457265 831.552198 3.830891 21.932132
5.513736 57.457265 831.552198 3.830891 21.933521
5.513736 57.457265 831.552198 3.830891 21.934910
5.513736 57.457265 831.552198 3.830891 21.936299
5.513736 57.457265 831.552198 3.830891 21.937688
5.513736 57.457265 831.552198 3.830891 21.939076
5.513736 57.457265 831.552198 3.830891 21.940465
5.513736 57.457265 831.552198 3.830891 21.941856
5.505342 57.509158 831.579670 3.830891 21.943245
5.505342 57.509158 831.579670 3.830891 21.944634
5.505342 57.509158 831.579670 3.830891 21.946023
5.505342 57.509158 831.579670 3.830891 21.947412
5.505342 57.509158 831.579670 3.830891 21.948801
5.505342 57.509158 831.579670 3.830891 21.950190
5.505342 57.509158 831.579670 3.830891 21.951578
5.505342 57.509158 831.579670 3.830891 21.952967
5.505342 57.509158 831.579670 3.830891 21.954356
5.505342 57.509158 831.579670 3.830891 21.955745
5.505342 57.509158 831.579670 3.830891 21.957134
5.505342 57.509158 831.579670 3.830891 21.958523
5.513736 57.533578 831.607143 3.830891 21.959912
5.513736 57.533578 831.607143 3.830891 21.961301
5.513736 57.533578 831.607143 3.830891 21.962690
5.513736 57.533578 831.607143 3.830891 21.964079
5.513736 57.533578 831.607143 3.830891 21.965469
5.513736 57.533578 831.607143 3.830891 21.966858
5.513736 57.533578 831.607143 3.830891 21.968247
5.513736 57.533578 831.607143 3.830891 21.969636
5.513736 57.533578 831.607143 3.830891 21.971025
5.513736 57.533578 831.607143 3.830891 21.972414
5.513736 57.533578 831.607143 3.830891 21.973803
5.513736 57.533578 831.607143 3.830891 21.975192
5.542277 57.438950 831.620879 3.830891 21.976581
5.542277 57.438950 831.620879 3.830891 21.977970
5.542277 57.438950 831.620879 3.830891 21.979358
5.542277 57.438950 831.620879 3.830891 21.980747
5.542277 57.438950 831.620879 3.830891 21.982136
5.542277 57.438950 831.620879 3.830891 21.983528
5.542277 57.438950 831.620879 3.830891 21.984917
5.542277 57.438950 831.620879 3.830891 21.986306
5.542277 57.438950 831.620879 3.830891 21.987695
5.542277 57.438950 831.620879 3.830891 21.989084
5.542277 57.438950 831.620879 3.830891 21.990473
5.542277 57.438950 831.620879 3.830891 21.991862
5.538919 57.252747 831.675824 3.830891 21.993251
5.538919 57.252747 831.675824 3.830891 21.994640
5.538919 57.252747 831.675824 3.830891 21.996030
5.538919 57.252747 831.675824 3.830891 21.997419
5.538919 57.252747 831.675824 3.830891 21.998811
5.538919 57.252747 831.675824 3.830891 22.000200
5.538919 57.252747 831.675824 3.830891 22.001589
5.538919 57.252747 831.675824 3.830891 22.002978
5.538919 57.252747 831.675824 3.830891 22.004367
5.538919 57.252747 831.675824 3.830891 22.005756
5.538919 57.252747 831.675824 3.830891 22.007145
5.538919 57.252747 831.675824 3.830891 22.008533
5.538919 57.206960 831.675824 3.830891 22.009922
5.538919 57.206960 831.675824 3.830891 22.011311
5.538919 57.206960 831.675824 3.830891 22.012701
5.538919 57.206960 831.675824 3.830891 22.014090
5.538919 57.206960 831.675824 3.830891 22.015479
5.538919 57.206960 831.675824 3.830891 22.016868
5.538919 57.206960 831.675824 3.830891 22.018258
5.538919 57.206960 831.675824 3.830891 22.019647
5.538919 57.206960 831.675824 3.830891 22.021036
5.538919 57.206960 831.675824 3.830891 22.022426
5.538919 57.206960 831.675824 3.830891 22.023815
5.538919 57.206960 831.675824 3.830891 22.025205
5.530525 57.133700 831.648352 3.830891 22.026594
5.530525 57.133700 831.648352 3.830891 22.027983
5.530525 57.133700 831.648352 3.830891 22.029372
5.530525 57.133700 831.648352 3.830891 22.030761
5.530525 57.133700 831.648352 3.830891 22.032150
5.530525 57.133700 831.648352 3.830891 22.033538
5.530525 57.133700 831.648352 3.830891 22.034927
5.530525 57.133700 831.648352 3.830891 22.036316
5.530525 57.133700 831.648352 3.830891 22.037705
5.530525 57.133700 831.648352 3.830891 22.039095
5.530525 57.133700 831.648352 3.830891 22.040484
5.530525 57.133700 831.648352 3.830891 22.041873
5.557387 57.089438 831.620879 3.830891 22.043262
5.557387 57.089438 831.620879 3.830891 22.044651
5.557387 57.089438 831.620879 3.830891 22.046040
5.557387 57.089438 831.620879 3.830891 22.047429
5.557387 57.089438 831.620879 3.830891 22.048818
5.557387 57.089438 831.620879 3.830891 22.050207
5.557387 57.089438 831.620879 3.830891 22.051595
5.557387 57.089438 831.620879 3.830891 22.052984
5.557387 57.089438 831.620879 3.830891 22.054373
5.557387 57.089438 831.620879 3.830891 22.055764
5.557387 57.089438 831.620879 3.830891 22.057153
5.557387 57.089438 831.620879 3.830891 22.058542
5.599359 56.936813 831.607143 3.830891 22.059931
5.599359 56.936813 831.607143 3.830891 22.061320
5.599359 56.936813 831.607143 3.830891 22.062709
5.599359 56.936813 831.607143 3.830891 22.064098
5.599359 56.936813 831.607143 3.830891 22.065487
5.599359 56.936813 831.607143 3.830891 22.066876
5.599359 56.936813 831.607143 3.830891 22.068265
5.599359 56.936813 831.607143 3.830891 22.069654
5.599359 56.936813 831.607143 3.830891 22.071043
5.599359 56.936813 831.607143 3.830891 22.072432
5.599359 56.936813 831.607143 3.830891 22.073821
5.599359 56.936813 831.607143 3.830891 22.075210
5.632937 56.817766 831.579670 3.830891 22.076600
5.632937 56.817766 831.579670 3.830891 22.077990
5.632937 56.817766 831.579670 3.830891 22.079379
5.632937 56.817766 831.579670 3.830891 22.080768
5.632937 56.817766 831.579670 3.830891 22.082157
5.632937 56.817766 831.579670 3.830891 22.083546
5.632937 56.817766 831.579670 3.830891 22.084935
5.632937 56.817766 831.579670 3.830891 22.086324
5.632937 56.817766 831.579670 3.830891 22.087713
5.632937 56.817766 831.579670 3.830891 22.089102
5.632937 56.817766 831.579670 3.830891 22.090492
5.632937 56.817766 831.579670 3.830891 22.091881
5.674908 56.768926 831.565934 3.861416 22.093270
5.674908 56.768926 831.565934 3.861416 22.094658
5.674908 56.768926 831.565934 3.861416 22.096049
5.674908 56.768926 831.565934 3.861416 22.097438
5.674908 56.768926 831.565934 3.861416 22.098827
5.674908 56.768926 831.565934 3.861416 22.100216
5.674908 56.768926 831.565934 3.861416 22.101605
5.674908 56.768926 831.565934 3.861416 22.102994
5.674908 56.768926 831.565934 3.861416 22.104383
5.674908 56.768926 831.565934 3.861416 22.105772
5.674908 56.768926 831.565934 3.861416 22.107161
5.674908 56.768926 831.565934 3.861416 22.108550
5.700092 56.665140 831.552198 3.861416 22.109939
5.700092 56.665140 831.552198 3.861416 22.111328
5.700092 56.665140 831.552198 3.861416 22.112718
5.700092 56.665140 831.552198 3.861416 22.114108
5.700092 56.665140 831.552198 3.861416 22.115496
5.700092 56.665140 831.552198 3.861416 22.116885
5.700092 56.665140 831.552198 3.861416 22.118274
5.700092 56.665140 831.552198 3.861416 22.119663
5.700092 56.665140 831.552198 3.861416 22.121053
5.700092 56.665140 831.552198 3.861416 22.122442
5.700092 56.665140 831.552198 3.861416 22.123831
5.700092 56.665140 831.552198 3.861416 22.125220
5.708486 56.623932 831.552198 3.861416 22.126609
5.708486 56.623932 831.552198 3.861416 22.128000
5.708486 56.623932 831.552198 3.861416 22.129389
5.708486 56.623932 831.552198 3.861416 22.130778
5.708486 56.623932 831.552198 3.861416 22.132167
5.708486 56.623932 831.552198 3.861416 22.133556
5.708486 56.623932 831.552198 3.861416 22.134945
5.708486 56.623932 831.552198 3.861416 22.136334
5.708486 56.623932 831.552198 3.861416 22.137723
5.708486 56.623932 831.552198 3.861416 22.139111
5.708486 56.623932 831.552198 3.861416 22.140500
5.708486 56.623932 831.552198 3.861416 22.141890
5.721917 56.625458 831.552198 3.861416 22.143278
5.721917 56.625458 831.552198 3.861416 22.144668
5.721917 56.625458 831.552198 3.861416 22.146057
5.721917 56.625458 831.552198 3.861416 22.147446
5.721917 56.625458 831.552198 3.861416 22.148835
5.721917 56.625458 831.552198 3.861416 22.150224
5.721917 56.625458 831.552198 3.861416 22.151613
5.721917 56.625458 831.552198 3.861416 22.153002
5.721917 56.625458 831.552198 3.861416 22.154392
5.721917 56.625458 831.552198 3.861416 22.155781
5.721917 56.625458 831.552198 3.861416 22.157171
5.721917 56.625458 831.552198 3.861416 22.158560
5.752137 56.726190 831.524725 3.861416 22.159949
5.752137 56.726190 831.524725 3.861416 22.161338
5.752137 56.726190 831.524725 3.861416 22.162727
5.752137 56.726190 831.524725 3.861416 22.164116
5.752137 56.726190 831.524725 3.861416 22.165506
5.752137 56.726190 831.524725 3.861416 22.166895
5.752137 56.726190 831.524725 3.861416 22.168283
5.752137 56.726190 831.524725 3.861416 22.169672
5.752137 56.726190 831.524725 3.861416 22.171062
5.752137 56.726190 831.524725 3.861416 22.172451
5.752137 56.726190 831.524725 3.861416 22.173841
5.752137 56.726190 831.524725 3.861416 22.175230
5.785714 56.652930 831.510989 3.861416 22.176618
5.785714 56.652930 831.510989 3.861416 22.178007
5.785714 56.652930 831.510989 3.861416 22.179398
5.785714 56.652930 831.510989 3.861416 22.180787
5.785714 56.652930 831.510989 3.861416 22.182176
5.785714 56.652930 831.510989 3.861416 22.183565
5.785714 56.652930 831.510989 3.861416 22.184953
5.785714 56.652930 831.510989 3.861416 22.186343
5.785714 56.652930 831.510989 3.861416 22.187732
5.785714 56.652930 831.510989 3.861416 22.189121
5.785714 56.652930 831.510989 3.861416 22.190510
5.785714 56.652930 831.510989 3.861416 22.191901
5.819292 56.616300 831.510989 3.861416 22.193290
5.819292 56.616300 831.510989 3.861416 22.194680
5.819292 56.616300 831.510989 3.861416 22.196069
5.819292 56.616300 831.510989 3.861416 22.197458
5.819292 56.616300 831.510989 3.861416 22.198847
5.819292 56.616300 831.510989 3.861416 22.200238
5.819292 56.616300 831.510989 3.861416 22.201626
5.819292 56.616300 831.510989 3.861416 22.203015
5.819292 56.616300 831.510989 3.861416 22.204404
5.819292 56.616300 831.510989 3.861416 22.205793
5.819292 56.616300 831.510989 3.861416 22.207183
5.819292 56.616300 831.510989 3.861416 22.208572
5.836081 56.564408 831.538462 3.861416 22.209961
5.836081 56.564408 831.538462 3.861416 22.211350
5.836081 56.564408 831.538462 3.861416 22.212739
5.836081 56.564408 831.538462 3.861416 22.214129
5.836081 56.564408 831.538462 3.861416 22.215518
5.836081 56.564408 831.538462 3.861416 22.216907
5.836081 56.564408 831.538462 3.861416 22.218296
5.836081 56.564408 831.538462 3.861416 22.219685
5.836081 56.564408 831.538462 3.861416 22.221076
5.836081 56.564408 831.538462 3.861416 22.222465
5.836081 56.564408 831.538462 3.861416 22.223853
5.836081 56.564408 831.538462 3.861416 22.225242
5.836081 56.610195 831.524725 3.876679 22.226631
5.836081 56.610195 831.524725 3.876679 22.228020
5.836081 56.610195 831.524725 3.876679 22.229409
5.836081 56.610195 831.524725 3.876679 22.230798
5.836081 56.610195 831.524725 3.876679 22.232187
5.836081 56.610195 831.524725 3.876679 22.233576
5.836081 56.610195 831.524725 3.876679 22.234966
5.836081 56.610195 831.524725 3.876679 22.236356
5.836081 56.610195 831.524725 3.876679 22.237745
5.836081 56.610195 831.524725 3.876679 22.239133
5.836081 56.610195 831.524725 3.876679 22.240522
5.836081 56.610195 831.524725 3.876679 22.241911
5.861264 56.646825 831.524725 3.891941 22.243300
5.861264 56.646825 831.524725 3.891941 22.244690
5.861264 56.646825 831.524725 3.891941 22.246079
5.861264 56.646825 831.524725 3.891941 22.247468
5.861264 56.646825 831.524725 3.891941 22.248858
5.861264 56.646825 831.524725 3.891941 22.250247
5.861264 56.646825 831.524725 3.891941 22.251636
5.861264 56.646825 831.524725 3.891941 22.253025
5.861264 56.646825 831.524725 3.891941 22.254415
5.861264 56.646825 831.524725 3.891941 22.255804
5.861264 56.646825 831.524725 3.891941 22.257193
5.861264 56.646825 831.524725 3.891941 22.258582
5.869658 56.639194 831.510989 3.891941 22.259971
5.869658 56.639194 831.510989 3.891941 22.261360
5.869658 56.639194 831.510989 3.891941 22.262749
5.869658 56.639194 831.510989 3.891941 22.264138
5.869658 56.639194 831.510989 3.891941 22.265527
5.869658 56.639194 831.510989 3.891941 22.266916
5.869658 56.639194 831.510989 3.891941 22.268305
5.869658 56.639194 831.510989 3.891941 22.269694
5.869658 56.639194 831.510989 3.891941 22.271083
5.869658 56.639194 831.510989 3.891941 22.272471
5.869658 56.639194 831.510989 3.891941 22.273861
5.869658 56.639194 831.510989 3.891941 22.275250
5.861264 56.698718 831.510989 3.891941 22.276640
5.861264 56.698718 831.510989 3.891941 22.278028
5.861264 56.698718 831.510989 3.891941 22.279417
5.861264 56.698718 831.510989 3.891941 22.280806
5.861264 56.698718 831.510989 3.891941 22.282195
5.861264 56.698718 831.510989 3.891941 22.283584
5.861264 56.698718 831.510989 3.891941 22.284973
5.861264 56.698718 831.510989 3.891941 22.286362
5.861264 56.698718 831.510989 3.891941 22.287751
5.861264 56.698718 831.510989 3.891941 22.289142
5.861264 56.698718 831.510989 3.891941 22.290531
5.861264 56.698718 831.510989 3.891941 22.291921
5.854548 56.756716 831.538462 3.891941 22.293310
5.854548 56.756716 831.538462 3.891941 22.294699
5.854548 56.756716 831.538462 3.891941 22.296088
5.854548 56.756716 831.538462 3.891941 22.297478
5.854548 56.756716 831.538462 3.891941 22.298867
5.854548 56.756716 831.538462 3.891941 22.300256
5.854548 56.756716 831.538462 3.891941 22.301645
5.854548 56.756716 831.538462 3.891941 22.303036
5.854548 56.756716 831.538462 3.891941 22.304425
5.854548 56.756716 831.538462 3.891941 22.305814
5.854548 56.756716 831.538462 3.891941 22.307203
5.854548 56.756716 831.538462 3.891941 22.308592
5.841117 56.834554 831.565934 3.891941 22.309981
5.841117 56.834554 831.565934 3.891941 22.311370
5.841117 56.834554 831.565934 3.891941 22.312760
5.841117 56.834554 831.565934 3.891941 22.314149
5.841117 56.834554 831.565934 3.891941 22.315538
5.841117 56.834554 831.565934 3.891941 22.316928
5.841117 56.834554 831.565934 3.891941 22.318317
5.841117 56.834554 831.565934 3.891941 22.319707
5.841117 56.834554 831.565934 3.891941 22.321096
5.841117 56.834554 831.565934 3.891941 22.322485
5.841117 56.834554 831.565934 3.891941 22.323873
5.841117 56.834554 831.565934 3.891941 22.325262
5.831044 56.881868 831.593407 3.891941 22.326651
5.831044 56.881868 831.593407 3.891941 22.328040
5.831044 56.881868 831.593407 3.891941 22.329429
5.831044 56.881868 831.593407 3.891941 22.330818
5.831044 56.881868 831.593407 3.891941 22.332207
5.831044 56.881868 831.593407 3.891941 22.333596
5.831044 56.881868 831.593407 3.891941 22.334985
5.831044 56.881868 831.593407 3.891941 22.336373
5.831044 56.881868 831.593407 3.891941 22.337762
5.831044 56.881868 831.593407 3.891941 22.339151
5.831044 56.881868 831.593407 3.891941 22.340540
5.831044 56.881868 831.593407 3.891941 22.341929
5.815934 56.953602 831.620879 3.891941 22.343318
5.815934 56.953602 831.620879 3.891941 22.344707
5.815934 56.953602 831.620879 3.891941 22.346096
5.815934 56.953602 831.620879 3.891941 22.347485
5.815934 56.953602 831.620879 3.891941 22.348875
5.815934 56.953602 831.620879 3.891941 22.350264
5.815934 56.953602 831.620879 3.891941 22.351653
5.815934 56.953602 831.620879 3.891941 22.353042
5.815934 56.953602 831.620879 3.891941 22.354431
5.815934 56.953602 831.620879 3.891941 22.355820
5.815934 56.953602 831.620879 3.891941 22.357208
5.815934 56.953602 831.620879 3.891941 22.358597
5.799145 57.010073 831.634615 3.891941 22.359987
5.799145 57.010073 831.634615 3.891941 22.361376
5.799145 57.010073 831.634615 3.891941 22.362766
5.799145 57.010073 831.634615 3.891941 22.364155
5.799145 57.010073 831.634615 3.891941 22.365547
5.799145 57.010073 831.634615 3.891941 22.366936
5.799145 57.010073 831.634615 3.891941 22.368328
5.799145 57.010073 831.634615 3.891941 22.369720
5.799145 57.010073 831.634615 3.891941 22.371110
5.799145 57.010073 831.634615 3.891941 22.372502
5.799145 57.010073 831.634615 3.891941 22.373891
5.799145 57.010073 831.634615 3.891941 22.375281
5.773962 57.115385 831.620879 3.891941 22.376670
5.773962 57.115385 831.620879 3.891941 22.378060
5.773962 57.115385 831.620879 3.891941 22.379449
5.773962 57.115385 831.620879 3.891941 22.380840
5.773962 57.115385 831.620879 3.891941 22.382232
5.773962 57.115385 831.620879 3.891941 22.383630
5.773962 57.115385 831.620879 3.891941 22.385020
5.773962 57.115385 831.620879 3.891941 22.386411
5.773962 57.115385 831.620879 3.891941 22.387801
5.773962 57.115385 831.620879 3.891941 22.389190
5.773962 57.115385 831.620879 3.891941 22.390581
5.773962 57.115385 831.620879 3.891941 22.391970
5.757173 57.185592 831.620879 3.891941 22.393359
5.757173 57.185592 831.620879 3.891941 22.394748
5.757173 57.185592 831.620879 3.891941 22.396137
5.757173 57.185592 831.620879 3.891941 22.397533
5.757173 57.185592 831.620879 3.891941 22.398931
5.757173 57.185592 831.620879 3.891941 22.400320
5.757173 57.185592 831.620879 3.891941 22.401709
5.757173 57.185592 831.620879 3.891941 22.403098
5.757173 57.185592 831.620879 3.891941 22.404487
5.757173 57.185592 831.620879 3.891941 22.405876
5.757173 57.185592 831.620879 3.891941 22.407265
5.757173 57.185592 831.620879 3.891941 22.408654
5.728632 57.203907 831.620879 3.891941 22.410044
5.728632 57.203907 831.620879 3.891941 22.411433
5.728632 57.203907 831.620879 3.891941 22.412823
5.728632 57.203907 831.620879 3.891941 22.414213
5.728632 57.203907 831.620879 3.891941 22.415606
5.728632 57.203907 831.620879 3.891941 22.416999
5.728632 57.203907 831.620879 3.891941 22.418388
5.728632 57.203907 831.620879 3.891941 22.419777
5.728632 57.203907 831.620879 3.891941 22.421168
5.728632 57.203907 831.620879 3.891941 22.422557
5.728632 57.203907 831.620879 3.891941 22.423946
5.728632 57.203907 831.620879 3.891941 22.425338
5.711844 57.165751 831.620879 3.861416 22.426727
5.711844 57.165751 831.620879 3.861416 22.428116
5.711844 57.165751 831.620879 3.861416 22.429505
5.711844 57.165751 831.620879 3.861416 22.430894
5.711844 57.165751 831.620879 3.861416 22.432283
5.711844 57.165751 831.620879 3.861416 22.433672
5.711844 57.165751 831.620879 3.861416 22.435060
5.711844 57.165751 831.620879 3.861416 22.436449
5.711844 57.165751 831.620879 3.861416 22.437838
5.711844 57.165751 831.620879 3.861416 22.439227
5.711844 57.165751 831.620879 3.861416 22.440616
5.711844 57.165751 831.620879 3.861416 22.442005
5.705128 57.115385 831.607143 3.861416 22.443394
5.705128 57.115385 831.607143 3.861416 22.444783
5.705128 57.115385 831.607143 3.861416 22.446172
5.705128 57.115385 831.607143 3.861416 22.447560
5.705128 57.115385 831.607143 3.861416 22.448951
5.705128 57.115385 831.607143 3.861416 22.450340
5.705128 57.115385 831.607143 3.861416 22.451728
5.705128 57.115385 831.607143 3.861416 22.453117
5.705128 57.115385 831.607143 3.861416 22.454507
5.705128 57.115385 831.607143 3.861416 22.455895
5.705128 57.115385 831.607143 3.861416 22.457284
5.705128 57.115385 831.607143 3.861416 22.458673
5.700092 57.066545 831.579670 3.861416 22.460062
5.700092 57.066545 831.579670 3.861416 22.461451
5.700092 57.066545 831.579670 3.861416 22.462841
5.700092 57.066545 831.579670 3.861416 22.464230
5.700092 57.066545 831.579670 3.861416 22.465620
5.700092 57.066545 831.579670 3.861416 22.467010
5.700092 57.066545 831.579670 3.861416 22.468399
5.700092 57.066545 831.579670 3.861416 22.469788
5.700092 57.066545 831.579670 3.861416 22.471177
5.700092 57.066545 831.579670 3.861416 22.472566
5.700092 57.066545 831.579670 3.861416 22.473955
5.700092 57.066545 831.579670 3.861416 22.475343
5.674908 56.987179 831.565934 3.861416 22.476734
5.674908 56.987179 831.565934 3.861416 22.478124
5.674908 56.987179 831.565934 3.861416 22.479513
5.674908 56.987179 831.565934 3.861416 22.480901
5.674908 56.987179 831.565934 3.861416 22.482293
5.674908 56.987179 831.565934 3.861416 22.483682
5.674908 56.987179 831.565934 3.861416 22.485073
5.674908 56.987179 831.565934 3.861416 22.486464
5.674908 56.987179 831.565934 3.861416 22.487853
5.674908 56.987179 831.565934 3.861416 22.489252
5.674908 56.987179 831.565934 3.861416 22.490641
5.674908 56.987179 831.565934 3.861416 22.492031
5.626221 56.968864 831.565934 3.861416 22.493420
5.626221 56.968864 831.565934 3.861416 22.494810
5.626221 56.968864 831.565934 3.861416 22.496199
5.626221 56.968864 831.565934 3.861416 22.497589
5.626221 56.968864 831.565934 3.861416 22.498978
5.626221 56.968864 831.565934 3.861416 22.500368
5.626221 56.968864 831.565934 3.861416 22.501758
5.626221 56.968864 831.565934 3.861416 22.503148
5.626221 56.968864 831.565934 3.861416 22.504539
5.626221 56.968864 831.565934 3.861416 22.505928
5.626221 56.968864 831.565934 3.861416 22.507316
5.626221 56.968864 831.565934 3.861416 22.508705
5.597680 57.037546 831.538462 3.861416 22.510096
5.597680 57.037546 831.538462 3.861416 22.511486
5.597680 57.037546 831.538462 3.861416 22.512875
5.597680 57.037546 831.538462 3.861416 22.514264
5.597680 57.037546 831.538462 3.861416 22.515653
5.597680 57.037546 831.538462 3.861416 22.517045
5.597680 57.037546 831.538462 3.861416 22.518439
5.597680 57.037546 831.538462 3.861416 22.519828
5.597680 57.037546 831.538462 3.861416 22.521218
5.597680 57.037546 831.538462 3.861416 22.522607
5.597680 57.037546 831.538462 3.861416 22.523996
5.597680 57.037546 831.538462 3.861416 22.525385
5.580891 57.086386 831.524725 3.861416 22.526774
5.580891 57.086386 831.524725 3.861416 22.528163
5.580891 57.086386 831.524725 3.861416 22.529552
5.580891 57.086386 831.524725 3.861416 22.530945
5.580891 57.086386 831.524725 3.861416 22.532339
5.580891 57.086386 831.524725 3.861416 22.533728
5.580891 57.086386 831.524725 3.861416 22.535118
5.580891 57.086386 831.524725 3.861416 22.536506
5.580891 57.086386 831.524725 3.861416 22.537896
5.580891 57.086386 831.524725 3.861416 22.539286
5.580891 57.086386 831.524725 3.861416 22.540676
5.580891 57.086386 831.524725 3.861416 22.542065
5.580891 57.086386 831.510989 3.861416 22.543454
5.580891 57.086386 831.510989 3.861416 22.544843
5.580891 57.086386 831.510989 3.861416 22.546232
5.580891 57.086386 831.510989 3.861416 22.547621
5.580891 57.086386 831.510989 3.861416 22.549010
5.580891 57.086386 831.510989 3.861416 22.550398
5.580891 57.086386 831.510989 3.861416 22.551788
5.580891 57.086386 831.510989 3.861416 22.553178
5.580891 57.086386 831.510989 3.861416 22.554567
5.580891 57.086386 831.510989 3.861416 22.555957
5.580891 57.086386 831.510989 3.861416 22.557347
5.580891 57.086386 831.510989 3.861416 22.558736
5.597680 57.026862 831.497253 3.861416 22.560125
5.597680 57.026862 831.497253 3.861416 22.561514
5.597680 57.026862 831.497253 3.861416 22.562903
5.597680 57.026862 831.497253 3.861416 22.564294
5.597680 57.026862 831.497253 3.861416 22.565683
5.597680 57.026862 831.497253 3.861416 22.567072
5.597680 57.026862 831.497253 3.861416 22.568461
5.597680 57.026862 831.497253 3.861416 22.569850
5.597680 57.026862 831.497253 3.861416 22.571240
5.597680 57.026862 831.497253 3.861416 22.572628
5.597680 57.026862 831.497253 3.861416 22.574017
5.597680 57.026862 831.497253 3.861416 22.575406
5.601038 56.987179 831.510989 3.861416 22.576795
5.601038 56.987179 831.510989 3.861416 22.578188
5.601038 56.987179 831.510989 3.861416 22.579579
5.601038 56.987179 831.510989 3.861416 22.580968
5.601038 56.987179 831.510989 3.861416 22.582356
5.601038 56.987179 831.510989 3.861416 22.583746
5.601038 56.987179 831.510989 3.861416 22.585136
5.601038 56.987179 831.510989 3.861416 22.586525
