16.612790 15.637973 830.178571 2.197802 15.345460
16.612790 15.637973 830.178571 2.197802 15.346849
16.612790 15.637973 830.178571 2.197802 15.348238
16.612790 15.637973 830.178571 2.197802 15.349627
16.612790 15.637973 830.178571 2.197802 15.351016
16.602717 15.662393 830.178571 2.197802 15.352405
16.602717 15.662393 830.178571 2.197802 15.353794
16.602717 15.662393 830.178571 2.197802 15.355186
16.602717 15.662393 830.178571 2.197802 15.356575
16.602717 15.662393 830.178571 2.197802 15.357967
16.602717 15.662393 830.178571 2.197802 15.359358
16.602717 15.662393 830.178571 2.197802 15.360748
16.602717 15.662393 830.178571 2.197802 15.362139
16.602717 15.662393 830.178571 2.197802 15.363529
16.602717 15.662393 830.178571 2.197802 15.364919
16.602717 15.662393 830.178571 2.197802 15.366308
16.602717 15.662393 830.178571 2.197802 15.367697
16.602717 15.637973 830.164835 2.197802 15.369086
16.602717 15.637973 830.164835 2.197802 15.370477
16.602717 15.637973 830.164835 2.197802 15.371865
16.602717 15.637973 830.164835 2.197802 15.373254
16.602717 15.637973 830.164835 2.197802 15.374646
16.602717 15.637973 830.164835 2.197802 15.376036
16.602717 15.637973 830.164835 2.197802 15.377426
16.602717 15.637973 830.164835 2.197802 15.378815
16.602717 15.637973 830.164835 2.197802 15.380204
16.602717 15.637973 830.164835 2.197802 15.381596
16.602717 15.637973 830.164835 2.197802 15.382985
16.602717 15.637973 830.164835 2.197802 15.384374
16.614469 15.596764 830.151099 2.182540 15.385763
16.614469 15.596764 830.151099 2.182540 15.387152
16.614469 15.596764 830.151099 2.182540 15.388542
16.614469 15.596764 830.151099 2.182540 15.389931
16.614469 15.596764 830.151099 2.182540 15.391320
16.614469 15.596764 830.151099 2.182540 15.392710
16.614469 15.596764 830.151099 2.182540 15.394099
16.614469 15.596764 830.151099 2.182540 15.395488
16.614469 15.596764 830.151099 2.182540 15.396878
16.614469 15.596764 830.151099 2.182540 15.398270
16.614469 15.596764 830.151099 2.182540 15.399659
16.614469 15.596764 830.151099 2.182540 15.401049
16.636294 15.563187 830.151099 2.182540 15.402438
16.636294 15.563187 830.151099 2.182540 15.403827
16.636294 15.563187 830.151099 2.182540 15.405217
16.636294 15.563187 830.151099 2.182540 15.406606
16.636294 15.563187 830.151099 2.182540 15.407998
16.636294 15.563187 830.151099 2.182540 15.409387
16.636294 15.563187 830.151099 2.182540 15.410776
16.636294 15.563187 830.151099 2.182540 15.412165
16.636294 15.563187 830.151099 2.182540 15.413555
16.636294 15.563187 830.151099 2.182540 15.414947
16.636294 15.563187 830.151099 2.182540 15.416340
16.636294 15.563187 830.151099 2.182540 15.417733
16.656441 15.549451 830.151099 2.182540 15.419122
16.656441 15.549451 830.151099 2.182540 15.420516
16.656441 15.549451 830.151099 2.182540 15.421906
16.656441 15.549451 830.151099 2.182540 15.423297
16.656441 15.549451 830.151099 2.182540 15.424688
16.656441 15.549451 830.151099 2.182540 15.426079
16.656441 15.549451 830.151099 2.182540 15.427472
16.656441 15.549451 830.151099 2.182540 15.428863
16.656441 15.549451 830.151099 2.182540 15.430253
16.656441 15.549451 830.151099 2.182540 15.431643
16.656441 15.549451 830.151099 2.182540 15.433036
16.656441 15.549451 830.151099 2.182540 15.434425
16.679945 15.515873 830.151099 2.182540 15.435814
16.679945 15.515873 830.151099 2.182540 15.437203
16.679945 15.515873 830.151099 2.182540 15.438592
16.679945 15.515873 830.151099 2.182540 15.439982
16.679945 15.515873 830.151099 2.182540 15.441371
16.679945 15.515873 830.151099 2.182540 15.442760
16.679945 15.515873 830.151099 2.182540 15.444149
16.679945 15.515873 830.151099 2.182540 15.445538
16.679945 15.515873 830.151099 2.182540 15.446927
16.679945 15.515873 830.151099 2.182540 15.448316
16.679945 15.515873 830.151099 2.182540 15.449706
16.679945 15.515873 830.151099 2.182540 15.451095
16.700092 15.500611 830.151099 2.182540 15.452486
16.700092 15.500611 830.151099 2.182540 15.453875
16.700092 15.500611 830.151099 2.182540 15.455263
16.700092 15.500611 830.151099 2.182540 15.456652
16.700092 15.500611 830.151099 2.182540 15.458045
16.700092 15.500611 830.151099 2.182540 15.459434
16.700092 15.500611 830.151099 2.182540 15.460823
16.700092 15.500611 830.151099 2.182540 15.462213
16.700092 15.500611 830.151099 2.182540 15.463601
16.700092 15.500611 830.151099 2.182540 15.464990
16.700092 15.500611 830.151099 2.182540 15.466380
16.700092 15.500611 830.151099 2.182540 15.467769
16.730311 15.433455 830.164835 2.182540 15.469158
16.730311 15.433455 830.164835 2.182540 15.470546
16.730311 15.433455 830.164835 2.182540 15.471936
16.730311 15.433455 830.164835 2.182540 15.473327
16.730311 15.433455 830.164835 2.182540 15.474718
16.730311 15.433455 830.164835 2.182540 15.476106
16.730311 15.433455 830.164835 2.182540 15.477495
16.730311 15.433455 830.164835 2.182540 15.478884
16.730311 15.433455 830.164835 2.182540 15.480274
16.730311 15.433455 830.164835 2.182540 15.481664
16.730311 15.433455 830.164835 2.182540 15.483053
16.730311 15.433455 830.164835 2.182540 15.484441
16.768926 15.402930 830.164835 2.182540 15.485830
16.768926 15.402930 830.164835 2.182540 15.487221
16.768926 15.402930 830.164835 2.182540 15.488610
16.768926 15.402930 830.164835 2.182540 15.490000
16.768926 15.402930 830.164835 2.182540 15.491390
16.768926 15.402930 830.164835 2.182540 15.492780
16.768926 15.402930 830.164835 2.182540 15.494169
16.768926 15.402930 830.164835 2.182540 15.495558
16.768926 15.402930 830.164835 2.182540 15.496947
16.768926 15.402930 830.164835 2.182540 15.498336
16.768926 15.402930 830.164835 2.182540 15.499725
16.768926 15.402930 830.164835 2.182540 15.501114
16.819292 15.358669 830.164835 2.182540 15.502503
16.819292 15.358669 830.164835 2.182540 15.503892
16.819292 15.358669 830.164835 2.182540 15.505281
16.819292 15.358669 830.164835 2.182540 15.506670
16.819292 15.358669 830.164835 2.182540 15.508058
16.819292 15.358669 830.164835 2.182540 15.509447
16.819292 15.358669 830.164835 2.182540 15.510836
16.819292 15.358669 830.164835 2.182540 15.512225
16.819292 15.358669 830.164835 2.182540 15.513614
16.819292 15.358669 830.164835 2.182540 15.515004
16.819292 15.358669 830.164835 2.182540 15.516395
16.819292 15.358669 830.164835 2.182540 15.517784
16.859585 15.300672 830.164835 2.182540 15.519174
16.859585 15.300672 830.164835 2.182540 15.520563
16.859585 15.300672 830.164835 2.182540 15.521952
16.859585 15.300672 830.164835 2.182540 15.523341
16.859585 15.300672 830.164835 2.182540 15.524730
16.859585 15.300672 830.164835 2.182540 15.526119
16.859585 15.300672 830.164835 2.182540 15.527508
16.859585 15.300672 830.164835 2.182540 15.528897
16.859585 15.300672 830.164835 2.182540 15.530286
16.859585 15.300672 830.164835 2.182540 15.531675
16.859585 15.300672 830.164835 2.182540 15.533063
16.859585 15.300672 830.164835 2.182540 15.534452
16.879731 15.314408 830.192308 2.182540 15.535841
16.879731 15.314408 830.192308 2.182540 15.537230
16.879731 15.314408 830.192308 2.182540 15.538619
16.879731 15.314408 830.192308 2.182540 15.540008
16.879731 15.314408 830.192308 2.182540 15.541397
16.879731 15.314408 830.192308 2.182540 15.542786
16.879731 15.314408 830.192308 2.182540 15.544175
16.879731 15.314408 830.192308 2.182540 15.545564
16.879731 15.314408 830.192308 2.182540 15.546956
16.879731 15.314408 830.192308 2.182540 15.548345
16.879731 15.314408 830.192308 2.182540 15.549735
16.879731 15.314408 830.192308 2.182540 15.551124
16.878053 15.366300 830.206044 2.197802 15.552513
16.878053 15.366300 830.206044 2.197802 15.553903
16.878053 15.366300 830.206044 2.197802 15.555292
16.878053 15.366300 830.206044 2.197802 15.556681
16.878053 15.366300 830.206044 2.197802 15.558070
16.878053 15.366300 830.206044 2.197802 15.559460
16.878053 15.366300 830.206044 2.197802 15.560848
16.878053 15.366300 830.206044 2.197802 15.562237
16.878053 15.366300 830.206044 2.197802 15.563626
16.878053 15.366300 830.206044 2.197802 15.565015
16.878053 15.366300 830.206044 2.197802 15.566404
16.878053 15.366300 830.206044 2.197802 15.567794
16.866300 15.399878 830.219780 2.197802 15.569183
16.866300 15.399878 830.219780 2.197802 15.570571
16.866300 15.399878 830.219780 2.197802 15.571960
16.866300 15.399878 830.219780 2.197802 15.573349
16.866300 15.399878 830.219780 2.197802 15.574741
16.866300 15.399878 830.219780 2.197802 15.576132
16.866300 15.399878 830.219780 2.197802 15.577524
16.866300 15.399878 830.219780 2.197802 15.578913
16.866300 15.399878 830.219780 2.197802 15.580305
16.866300 15.399878 830.219780 2.197802 15.581694
16.866300 15.399878 830.219780 2.197802 15.583084
16.866300 15.399878 830.219780 2.197802 15.584473
16.866300 15.393773 830.219780 2.197802 15.585864
16.866300 15.393773 830.219780 2.197802 15.587253
16.866300 15.393773 830.219780 2.197802 15.588642
16.866300 15.393773 830.219780 2.197802 15.590034
16.866300 15.393773 830.219780 2.197802 15.591423
16.866300 15.393773 830.219780 2.197802 15.592813
16.866300 15.393773 830.219780 2.197802 15.594203
16.866300 15.393773 830.219780 2.197802 15.595591
16.866300 15.393773 830.219780 2.197802 15.596980
16.866300 15.393773 830.219780 2.197802 15.598369
16.866300 15.393773 830.219780 2.197802 15.599758
16.866300 15.393773 830.219780 2.197802 15.601148
16.866300 15.422772 830.219780 2.197802 15.602537
16.866300 15.422772 830.219780 2.197802 15.603926
16.866300 15.422772 830.219780 2.197802 15.605315
16.866300 15.422772 830.219780 2.197802 15.606703
16.866300 15.422772 830.219780 2.197802 15.608094
16.866300 15.422772 830.219780 2.197802 15.609483
16.866300 15.422772 830.219780 2.197802 15.610872
16.866300 15.422772 830.219780 2.197802 15.612261
16.866300 15.422772 830.219780 2.197802 15.613650
16.866300 15.422772 830.219780 2.197802 15.615041
16.866300 15.422772 830.219780 2.197802 15.616431
16.866300 15.422772 830.219780 2.197802 15.617821
16.866300 15.473138 830.233516 2.197802 15.619210
16.866300 15.473138 830.233516 2.197802 15.620599
16.866300 15.473138 830.233516 2.197802 15.621988
16.866300 15.473138 830.233516 2.197802 15.623376
16.866300 15.473138 830.233516 2.197802 15.624766
16.866300 15.473138 830.233516 2.197802 15.626155
16.866300 15.473138 830.233516 2.197802 15.627544
16.866300 15.473138 830.233516 2.197802 15.628933
16.866300 15.473138 830.233516 2.197802 15.630322
16.866300 15.473138 830.233516 2.197802 15.631711
16.866300 15.473138 830.233516 2.197802 15.633102
16.866300 15.473138 830.233516 2.197802 15.634493
16.856227 15.520452 830.219780 2.197802 15.635882
16.856227 15.520452 830.219780 2.197802 15.637271
16.856227 15.520452 830.219780 2.197802 15.638660
16.856227 15.520452 830.219780 2.197802 15.640048
16.856227 15.520452 830.219780 2.197802 15.641437
16.856227 15.520452 830.219780 2.197802 15.642826
16.856227 15.520452 830.219780 2.197802 15.644215
16.856227 15.520452 830.219780 2.197802 15.645604
16.856227 15.520452 830.219780 2.197802 15.646993
16.856227 15.520452 830.219780 2.197802 15.648382
16.856227 15.520452 830.219780 2.197802 15.649771
16.856227 15.520452 830.219780 2.197802 15.651160
16.839438 15.547924 830.219780 2.197802 15.652549
16.839438 15.547924 830.219780 2.197802 15.653939
16.839438 15.547924 830.219780 2.197802 15.655328
16.839438 15.547924 830.219780 2.197802 15.656717
16.839438 15.547924 830.219780 2.197802 15.658106
16.839438 15.547924 830.219780 2.197802 15.659495
16.839438 15.547924 830.219780 2.197802 15.660883
16.839438 15.547924 830.219780 2.197802 15.662274
16.839438 15.547924 830.219780 2.197802 15.663663
16.839438 15.547924 830.219780 2.197802 15.665052
16.839438 15.547924 830.219780 2.197802 15.666441
16.839438 15.547924 830.219780 2.197802 15.667830
16.819292 15.578449 830.219780 2.197802 15.669219
16.819292 15.578449 830.219780 2.197802 15.670608
16.819292 15.578449 830.219780 2.197802 15.671996
16.819292 15.578449 830.219780 2.197802 15.673386
16.819292 15.578449 830.219780 2.197802 15.674775
16.819292 15.578449 830.219780 2.197802 15.676163
16.819292 15.578449 830.219780 2.197802 15.677552
16.819292 15.578449 830.219780 2.197802 15.678941
16.819292 15.578449 830.219780 2.197802 15.680330
16.819292 15.578449 830.219780 2.197802 15.681719
16.819292 15.578449 830.219780 2.197802 15.683108
16.819292 15.578449 830.219780 2.197802 15.684497
16.805861 15.624237 830.219780 2.213065 15.685886
16.805861 15.624237 830.219780 2.213065 15.687275
16.805861 15.624237 830.219780 2.213065 15.688665
16.805861 15.624237 830.219780 2.213065 15.690054
16.805861 15.624237 830.219780 2.213065 15.691443
16.805861 15.624237 830.219780 2.213065 15.692831
16.805861 15.624237 830.219780 2.213065 15.694220
16.805861 15.624237 830.219780 2.213065 15.695609
16.805861 15.624237 830.219780 2.213065 15.696998
16.805861 15.624237 830.219780 2.213065 15.698387
16.805861 15.624237 830.219780 2.213065 15.699781
16.805861 15.624237 830.219780 2.213065 15.701170
16.784035 15.674603 830.206044 2.213065 15.702559
16.784035 15.674603 830.206044 2.213065 15.703948
16.784035 15.674603 830.206044 2.213065 15.705341
16.784035 15.674603 830.206044 2.213065 15.706730
16.784035 15.674603 830.206044 2.213065 15.708118
16.784035 15.674603 830.206044 2.213065 15.709512
16.784035 15.674603 830.206044 2.213065 15.710903
16.784035 15.674603 830.206044 2.213065 15.712292
16.784035 15.674603 830.206044 2.213065 15.713683
16.784035 15.674603 830.206044 2.213065 15.715072
16.784035 15.674603 830.206044 2.213065 15.716461
16.784035 15.674603 830.206044 2.213065 15.717850
16.763889 15.699023 830.219780 2.213065 15.719242
16.763889 15.699023 830.219780 2.213065 15.720630
16.763889 15.699023 830.219780 2.213065 15.722019
16.763889 15.699023 830.219780 2.213065 15.723410
16.763889 15.699023 830.219780 2.213065 15.724799
16.763889 15.699023 830.219780 2.213065 15.726190
16.763889 15.699023 830.219780 2.213065 15.727581
16.763889 15.699023 830.219780 2.213065 15.728970
16.763889 15.699023 830.219780 2.213065 15.730359
16.763889 15.699023 830.219780 2.213065 15.731748
16.763889 15.699023 830.219780 2.213065 15.733138
16.763889 15.699023 830.219780 2.213065 15.734527
16.763889 15.705128 830.192308 2.213065 15.735916
16.763889 15.705128 830.192308 2.213065 15.737308
16.763889 15.705128 830.192308 2.213065 15.738701
16.763889 15.705128 830.192308 2.213065 15.740090
16.763889 15.705128 830.192308 2.213065 15.741481
16.763889 15.705128 830.192308 2.213065 15.742870
16.763889 15.705128 830.192308 2.213065 15.744259
16.763889 15.705128 830.192308 2.213065 15.745648
16.763889 15.705128 830.192308 2.213065 15.747037
16.763889 15.705128 830.192308 2.213065 15.748428
16.763889 15.705128 830.192308 2.213065 15.749818
16.763889 15.705128 830.192308 2.213065 15.751207
16.763889 15.749389 830.192308 2.228327 15.752596
16.763889 15.749389 830.192308 2.228327 15.753985
16.763889 15.749389 830.192308 2.228327 15.755374
16.763889 15.749389 830.192308 2.228327 15.756763
16.763889 15.749389 830.192308 2.228327 15.758151
16.763889 15.749389 830.192308 2.228327 15.759540
16.763889 15.749389 830.192308 2.228327 15.760929
16.763889 15.749389 830.192308 2.228327 15.762318
16.763889 15.749389 830.192308 2.228327 15.763707
16.763889 15.749389 830.192308 2.228327 15.765096
16.763889 15.749389 830.192308 2.228327 15.766485
16.763889 15.749389 830.192308 2.228327 15.767877
16.763889 15.749389 830.206044 2.228327 15.769268
16.763889 15.749389 830.206044 2.228327 15.770656
16.763889 15.749389 830.206044 2.228327 15.772045
16.763889 15.749389 830.206044 2.228327 15.773437
16.763889 15.749389 830.206044 2.228327 15.774826
16.763889 15.749389 830.206044 2.228327 15.776215
16.763889 15.749389 830.206044 2.228327 15.777608
16.763889 15.749389 830.206044 2.228327 15.778997
16.763889 15.749389 830.206044 2.228327 15.780385
16.763889 15.749389 830.206044 2.228327 15.781774
16.763889 15.749389 830.206044 2.228327 15.783163
16.763889 15.749389 830.206044 2.228327 15.784552
16.763889 15.752442 830.192308 2.228327 15.785941
16.763889 15.752442 830.192308 2.228327 15.787331
16.763889 15.752442 830.192308 2.228327 15.788721
16.763889 15.752442 830.192308 2.228327 15.790110
16.763889 15.752442 830.192308 2.228327 15.791498
16.763889 15.752442 830.192308 2.228327 15.792888
16.763889 15.752442 830.192308 2.228327 15.794281
16.763889 15.752442 830.192308 2.228327 15.795670
16.763889 15.752442 830.192308 2.228327 15.797059
16.763889 15.752442 830.192308 2.228327 15.798448
16.763889 15.752442 830.192308 2.228327 15.799836
16.763889 15.752442 830.192308 2.228327 15.801225
16.763889 15.775336 830.178571 2.228327 15.802616
16.763889 15.775336 830.178571 2.228327 15.804005
16.763889 15.775336 830.178571 2.228327 15.805394
16.763889 15.775336 830.178571 2.228327 15.806783
16.763889 15.775336 830.178571 2.228327 15.808171
16.763889 15.775336 830.178571 2.228327 15.809560
16.763889 15.775336 830.178571 2.228327 15.810949
16.763889 15.775336 830.178571 2.228327 15.812338
16.763889 15.775336 830.178571 2.228327 15.813727
16.763889 15.775336 830.178571 2.228327 15.815117
16.763889 15.775336 830.178571 2.228327 15.816508
16.763889 15.775336 830.178571 2.228327 15.817897
16.773962 15.790598 830.178571 2.228327 15.819286
16.773962 15.790598 830.178571 2.228327 15.820677
16.773962 15.790598 830.178571 2.228327 15.822066
16.773962 15.790598 830.178571 2.228327 15.823455
16.773962 15.790598 830.178571 2.228327 15.824844
16.773962 15.790598 830.178571 2.228327 15.826235
16.773962 15.790598 830.178571 2.228327 15.827624
16.773962 15.790598 830.178571 2.228327 15.829014
16.773962 15.790598 830.178571 2.228327 15.830403
16.773962 15.790598 830.178571 2.228327 15.831791
16.773962 15.790598 830.178571 2.228327 15.833180
16.773962 15.790598 830.178571 2.228327 15.834569
16.768926 15.834860 830.192308 2.243590 15.835958
16.768926 15.834860 830.192308 2.243590 15.837349
16.768926 15.834860 830.192308 2.243590 15.838738
16.768926 15.834860 830.192308 2.243590 15.840126
16.768926 15.834860 830.192308 2.243590 15.841515
16.768926 15.834860 830.192308 2.243590 15.842906
16.768926 15.834860 830.192308 2.243590 15.844295
16.768926 15.834860 830.192308 2.243590 15.845684
16.768926 15.834860 830.192308 2.243590 15.847073
16.768926 15.834860 830.192308 2.243590 15.848462
16.768926 15.834860 830.192308 2.243590 15.849851
16.768926 15.834860 830.192308 2.243590 15.851240
16.753816 15.888278 830.192308 2.243590 15.852628
16.753816 15.888278 830.192308 2.243590 15.854017
16.753816 15.888278 830.192308 2.243590 15.855406
16.753816 15.888278 830.192308 2.243590 15.856797
16.753816 15.888278 830.192308 2.243590 15.858186
16.753816 15.888278 830.192308 2.243590 15.859575
16.753816 15.888278 830.192308 2.243590 15.860965
16.753816 15.888278 830.192308 2.243590 15.862354
16.753816 15.888278 830.192308 2.243590 15.863743
16.753816 15.888278 830.192308 2.243590 15.865136
16.753816 15.888278 830.192308 2.243590 15.866529
16.753816 15.888278 830.192308 2.243590 15.867918
16.733669 15.932540 830.178571 2.243590 15.869308
16.733669 15.932540 830.178571 2.243590 15.870698
16.733669 15.932540 830.178571 2.243590 15.872090
16.733669 15.932540 830.178571 2.243590 15.873481
16.733669 15.932540 830.178571 2.243590 15.874870
16.733669 15.932540 830.178571 2.243590 15.876258
16.733669 15.932540 830.178571 2.243590 15.877647
16.733669 15.932540 830.178571 2.243590 15.879036
16.733669 15.932540 830.178571 2.243590 15.880425
16.733669 15.932540 830.178571 2.243590 15.881814
16.733669 15.932540 830.178571 2.243590 15.883203
16.733669 15.932540 830.178571 2.243590 15.884592
16.726954 16.021062 830.164835 2.243590 15.885981
16.726954 16.021062 830.164835 2.243590 15.887370
16.726954 16.021062 830.164835 2.243590 15.888758
16.726954 16.021062 830.164835 2.243590 15.890150
16.726954 16.021062 830.164835 2.243590 15.891538
16.726954 16.021062 830.164835 2.243590 15.892927
16.726954 16.021062 830.164835 2.243590 15.894316
16.726954 16.021062 830.164835 2.243590 15.895705
16.726954 16.021062 830.164835 2.243590 15.897094
16.726954 16.021062 830.164835 2.243590 15.898483
16.726954 16.021062 830.164835 2.243590 15.899872
16.726954 16.021062 830.164835 2.243590 15.901261
16.716880 16.077534 830.178571 2.258852 15.902651
16.716880 16.077534 830.178571 2.258852 15.904040
16.716880 16.077534 830.178571 2.258852 15.905429
16.716880 16.077534 830.178571 2.258852 15.906818
16.716880 16.077534 830.178571 2.258852 15.908207
16.716880 16.077534 830.178571 2.258852 15.909596
16.716880 16.077534 830.178571 2.258852 15.910986
16.716880 16.077534 830.178571 2.258852 15.912375
16.716880 16.077534 830.178571 2.258852 15.913764
16.716880 16.077534 830.178571 2.258852 15.915154
16.716880 16.077534 830.178571 2.258852 15.916546
16.716880 16.077534 830.178571 2.258852 15.917935
16.710165 16.089744 830.164835 2.258852 15.919323
16.710165 16.089744 830.164835 2.258852 15.920712
16.710165 16.089744 830.164835 2.258852 15.922101
16.710165 16.089744 830.164835 2.258852 15.923490
16.710165 16.089744 830.164835 2.258852 15.924880
16.710165 16.089744 830.164835 2.258852 15.926269
16.710165 16.089744 830.164835 2.258852 15.927658
16.710165 16.089744 830.164835 2.258852 15.929047
16.710165 16.089744 830.164835 2.258852 15.930436
16.710165 16.089744 830.164835 2.258852 15.931825
16.710165 16.089744 830.164835 2.258852 15.933214
16.710165 16.089744 830.164835 2.258852 15.934603
16.710165 16.127900 830.151099 2.274115 15.935992
16.710165 16.127900 830.151099 2.274115 15.937383
16.710165 16.127900 830.151099 2.274115 15.938771
16.710165 16.127900 830.151099 2.274115 15.940163
16.710165 16.127900 830.151099 2.274115 15.941553
16.710165 16.127900 830.151099 2.274115 15.942942
16.710165 16.127900 830.151099 2.274115 15.944331
16.710165 16.127900 830.151099 2.274115 15.945722
16.710165 16.127900 830.151099 2.274115 15.947111
16.710165 16.127900 830.151099 2.274115 15.948500
16.710165 16.127900 830.151099 2.274115 15.949892
16.710165 16.127900 830.151099 2.274115 15.951281
16.720238 16.159951 830.137363 2.274115 15.952671
16.720238 16.159951 830.137363 2.274115 15.954060
16.720238 16.159951 830.137363 2.274115 15.955449
16.720238 16.159951 830.137363 2.274115 15.956838
16.720238 16.159951 830.137363 2.274115 15.958230
16.720238 16.159951 830.137363 2.274115 15.959624
16.720238 16.159951 830.137363 2.274115 15.961015
16.720238 16.159951 830.137363 2.274115 15.962404
16.720238 16.159951 830.137363 2.274115 15.963795
16.720238 16.159951 830.137363 2.274115 15.965189
16.720238 16.159951 830.137363 2.274115 15.966598
16.720238 16.159951 830.137363 2.274115 15.967995
16.731990 16.205739 830.164835 2.274115 15.969383
16.731990 16.205739 830.164835 2.274115 15.970772
16.731990 16.205739 830.164835 2.274115 15.972162
16.731990 16.205739 830.164835 2.274115 15.973551
16.731990 16.205739 830.164835 2.274115 15.974940
16.731990 16.205739 830.164835 2.274115 15.976329
16.731990 16.205739 830.164835 2.274115 15.977718
16.731990 16.205739 830.164835 2.274115 15.979107
16.731990 16.205739 830.164835 2.274115 15.980496
16.731990 16.205739 830.164835 2.274115 15.981885
16.731990 16.205739 830.164835 2.274115 15.983273
16.731990 16.205739 830.164835 2.274115 15.984665
16.731990 16.240842 830.151099 2.289377 15.986055
16.731990 16.240842 830.151099 2.289377 15.987444
16.731990 16.240842 830.151099 2.289377 15.988833
16.731990 16.240842 830.151099 2.289377 15.990224
16.731990 16.240842 830.151099 2.289377 15.991614
16.731990 16.240842 830.151099 2.289377 15.993004
16.731990 16.240842 830.151099 2.289377 15.994393
16.731990 16.240842 830.151099 2.289377 15.995782
16.731990 16.240842 830.151099 2.289377 15.997171
16.731990 16.240842 830.151099 2.289377 15.998560
16.731990 16.240842 830.151099 2.289377 15.999949
16.731990 16.240842 830.151099 2.289377 16.001338
16.735348 16.266789 830.137363 2.289377 16.002727
16.735348 16.266789 830.137363 2.289377 16.004115
16.735348 16.266789 830.137363 2.289377 16.005504
16.735348 16.266789 830.137363 2.289377 16.006893
16.735348 16.266789 830.137363 2.289377 16.008282
16.735348 16.266789 830.137363 2.289377 16.009671
16.735348 16.266789 830.137363 2.289377 16.011060
16.735348 16.266789 830.137363 2.289377 16.012449
16.735348 16.266789 830.137363 2.289377 16.013838
16.735348 16.266789 830.137363 2.289377 16.015227
16.735348 16.266789 830.137363 2.289377 16.016615
