14.638431 20.393773 835.192308 2.503053 21.408022
14.638431 20.393773 835.192308 2.503053 21.409411
14.638431 20.393773 835.192308 2.503053 21.410800
14.638431 20.393773 835.192308 2.503053 21.412189
14.638431 20.393773 835.192308 2.503053 21.413578
14.638431 20.393773 835.192308 2.503053 21.414966
14.638431 20.393773 835.192308 2.503053 21.416355
14.638431 20.393773 835.192308 2.503053 21.417744
14.638431 20.393773 835.192308 2.503053 21.419133
14.628358 20.422772 835.192308 2.503053 21.420522
14.628358 20.422772 835.192308 2.503053 21.421911
14.628358 20.422772 835.192308 2.503053 21.423300
14.628358 20.422772 835.192308 2.503053 21.424689
14.628358 20.422772 835.192308 2.503053 21.426079
14.628358 20.422772 835.192308 2.503053 21.427468
14.628358 20.422772 835.192308 2.503053 21.428856
14.628358 20.422772 835.192308 2.503053 21.430245
14.628358 20.422772 835.192308 2.503053 21.431634
14.628358 20.422772 835.192308 2.503053 21.433023
14.628358 20.422772 835.192308 2.503053 21.434412
14.628358 20.422772 835.192308 2.503053 21.435801
14.628358 20.473138 835.192308 2.503053 21.437190
14.628358 20.473138 835.192308 2.503053 21.438579
14.628358 20.473138 835.192308 2.503053 21.439968
14.628358 20.473138 835.192308 2.503053 21.441356
14.628358 20.473138 835.192308 2.503053 21.442745
14.628358 20.473138 835.192308 2.503053 21.444134
14.628358 20.473138 835.192308 2.503053 21.445523
14.628358 20.473138 835.192308 2.503053 21.446912
14.628358 20.473138 835.192308 2.503053 21.448301
14.628358 20.473138 835.192308 2.503053 21.449690
14.628358 20.473138 835.192308 2.503053 21.451079
14.628358 20.473138 835.192308 2.503053 21.452468
14.621642 20.476190 835.192308 2.503053 21.453856
14.621642 20.476190 835.192308 2.503053 21.455245
14.621642 20.476190 835.192308 2.503053 21.456634
14.621642 20.476190 835.192308 2.503053 21.458023
14.621642 20.476190 835.192308 2.503053 21.459412
14.621642 20.476190 835.192308 2.503053 21.460801
14.621642 20.476190 835.192308 2.503053 21.462190
14.621642 20.476190 835.192308 2.503053 21.463579
14.621642 20.476190 835.192308 2.503053 21.464968
14.621642 20.476190 835.192308 2.503053 21.466356
14.621642 20.476190 835.192308 2.503053 21.467745
14.621642 20.476190 835.192308 2.503053 21.469134
14.621642 20.534188 835.206044 2.503053 21.470523
14.621642 20.534188 835.206044 2.503053 21.471912
14.621642 20.534188 835.206044 2.503053 21.473301
14.621642 20.534188 835.206044 2.503053 21.474690
14.621642 20.534188 835.206044 2.503053 21.476079
14.621642 20.534188 835.206044 2.503053 21.477468
14.621642 20.534188 835.206044 2.503053 21.478856
14.621642 20.534188 835.206044 2.503053 21.480245
14.621642 20.534188 835.206044 2.503053 21.481634
14.621642 20.534188 835.206044 2.503053 21.483023
14.621642 20.534188 835.206044 2.503053 21.484412
14.621642 20.534188 835.206044 2.503053 21.485801
14.621642 20.526557 835.192308 2.503053 21.487190
14.621642 20.526557 835.192308 2.503053 21.488579
14.621642 20.526557 835.192308 2.503053 21.489968
14.621642 20.526557 835.192308 2.503053 21.491356
14.621642 20.526557 835.192308 2.503053 21.492745
14.621642 20.526557 835.192308 2.503053 21.494134
14.621642 20.526557 835.192308 2.503053 21.495523
14.621642 20.526557 835.192308 2.503053 21.496912
14.621642 20.526557 835.192308 2.503053 21.498301
14.621642 20.526557 835.192308 2.503053 21.499690
14.621642 20.526557 835.192308 2.503053 21.501079
14.621642 20.526557 835.192308 2.503053 21.502468
14.623321 20.569292 835.178571 2.503053 21.503856
14.623321 20.569292 835.178571 2.503053 21.505245
14.623321 20.569292 835.178571 2.503053 21.506634
14.623321 20.569292 835.178571 2.503053 21.508023
14.623321 20.569292 835.178571 2.503053 21.509412
14.623321 20.569292 835.178571 2.503053 21.510801
14.623321 20.569292 835.178571 2.503053 21.512190
14.623321 20.569292 835.178571 2.503053 21.513579
14.623321 20.569292 835.178571 2.503053 21.514968
14.623321 20.569292 835.178571 2.503053 21.516356
14.623321 20.569292 835.178571 2.503053 21.517745
14.623321 20.569292 835.178571 2.503053 21.519134
14.633394 20.569292 835.164835 2.503053 21.520523
14.633394 20.569292 835.164835 2.503053 21.521912
14.633394 20.569292 835.164835 2.503053 21.523301
14.633394 20.569292 835.164835 2.503053 21.524690
14.633394 20.569292 835.164835 2.503053 21.526079
14.633394 20.569292 835.164835 2.503053 21.527468
14.633394 20.569292 835.164835 2.503053 21.528856
14.633394 20.569292 835.164835 2.503053 21.530245
14.633394 20.569292 835.164835 2.503053 21.531634
14.633394 20.569292 835.164835 2.503053 21.533023
14.633394 20.569292 835.164835 2.503053 21.534412
14.633394 20.569292 835.164835 2.503053 21.535801
14.646825 20.567766 835.164835 2.503053 21.537190
14.646825 20.567766 835.164835 2.503053 21.538579
14.646825 20.567766 835.164835 2.503053 21.539968
14.646825 20.567766 835.164835 2.503053 21.541356
14.646825 20.567766 835.164835 2.503053 21.542745
14.646825 20.567766 835.164835 2.503053 21.544134
14.646825 20.567766 835.164835 2.503053 21.545523
14.646825 20.567766 835.164835 2.503053 21.546912
14.646825 20.567766 835.164835 2.503053 21.548301
14.646825 20.567766 835.164835 2.503053 21.549690
14.646825 20.567766 835.164835 2.503053 21.551079
14.646825 20.567766 835.164835 2.503053 21.552468
14.653541 20.567766 835.164835 2.503053 21.553856
14.653541 20.567766 835.164835 2.503053 21.555245
14.653541 20.567766 835.164835 2.503053 21.556634
14.653541 20.567766 835.164835 2.503053 21.558023
14.653541 20.567766 835.164835 2.503053 21.559412
14.653541 20.567766 835.164835 2.503053 21.560811
14.653541 20.567766 835.164835 2.503053 21.562230
14.653541 20.567766 835.164835 2.503053 21.563618
14.653541 20.567766 835.164835 2.503053 21.565008
14.653541 20.567766 835.164835 2.503053 21.566397
14.653541 20.567766 835.164835 2.503053 21.567787
14.653541 20.567766 835.164835 2.503053 21.569176
14.661935 20.561661 835.151099 2.503053 21.570568
14.661935 20.561661 835.151099 2.503053 21.571957
14.661935 20.561661 835.151099 2.503053 21.573346
14.661935 20.561661 835.151099 2.503053 21.574735
14.661935 20.561661 835.151099 2.503053 21.576125
14.661935 20.561661 835.151099 2.503053 21.577514
14.661935 20.561661 835.151099 2.503053 21.578903
14.661935 20.561661 835.151099 2.503053 21.580293
14.661935 20.561661 835.151099 2.503053 21.581682
14.661935 20.561661 835.151099 2.503053 21.583073
14.661935 20.561661 835.151099 2.503053 21.584461
14.661935 20.561661 835.151099 2.503053 21.585851
14.672009 20.607448 835.164835 2.503053 21.587241
14.672009 20.607448 835.164835 2.503053 21.588631
14.672009 20.607448 835.164835 2.503053 21.590020
14.672009 20.607448 835.164835 2.503053 21.591409
14.672009 20.607448 835.164835 2.503053 21.592801
14.672009 20.607448 835.164835 2.503053 21.594192
14.672009 20.607448 835.164835 2.503053 21.595586
14.672009 20.607448 835.164835 2.503053 21.596976
14.672009 20.607448 835.164835 2.503053 21.598367
14.672009 20.607448 835.164835 2.503053 21.599756
14.672009 20.607448 835.164835 2.503053 21.601148
14.672009 20.607448 835.164835 2.503053 21.602537
