2.256716 64.578755 835.467033 3.403541 23.430209
2.256716 64.578755 835.467033 3.403541 23.431599
2.256716 64.578755 835.467033 3.403541 23.432988
2.256716 64.578755 835.467033 3.403541 23.434377
2.256716 64.578755 835.467033 3.403541 23.435766
2.256716 64.578755 835.467033 3.403541 23.437155
2.256716 64.578755 835.467033 3.403541 23.438544
2.229853 64.633700 835.467033 3.403541 23.439933
2.229853 64.633700 835.467033 3.403541 23.441322
2.229853 64.633700 835.467033 3.403541 23.442711
2.229853 64.633700 835.467033 3.403541 23.444100
2.229853 64.633700 835.467033 3.403541 23.445489
2.229853 64.633700 835.467033 3.403541 23.446878
2.229853 64.633700 835.467033 3.403541 23.448266
2.229853 64.633700 835.467033 3.403541 23.449655
2.229853 64.633700 835.467033 3.403541 23.451044
2.229853 64.633700 835.467033 3.403541 23.452433
2.229853 64.633700 835.467033 3.403541 23.453822
2.229853 64.633700 835.467033 3.403541 23.455211
2.201313 64.691697 835.467033 3.403541 23.456600
2.201313 64.691697 835.467033 3.403541 23.457989
2.201313 64.691697 835.467033 3.403541 23.459378
2.201313 64.691697 835.467033 3.403541 23.460766
2.201313 64.691697 835.467033 3.403541 23.462155
2.201313 64.691697 835.467033 3.403541 23.463544
2.201313 64.691697 835.467033 3.403541 23.464933
2.201313 64.691697 835.467033 3.403541 23.466322
2.201313 64.691697 835.467033 3.403541 23.467711
2.201313 64.691697 835.467033 3.403541 23.469100
2.201313 64.691697 835.467033 3.403541 23.470489
2.201313 64.691697 835.467033 3.403541 23.471878
2.176129 64.757326 835.467033 3.403541 23.473266
2.176129 64.757326 835.467033 3.403541 23.474655
2.176129 64.757326 835.467033 3.403541 23.476044
2.176129 64.757326 835.467033 3.403541 23.477433
2.176129 64.757326 835.467033 3.403541 23.478822
2.176129 64.757326 835.467033 3.403541 23.480211
2.176129 64.757326 835.467033 3.403541 23.481600
