13.896368 24.281136 836.250000 2.777778 20.277904
13.896368 24.281136 836.250000 2.777778 20.279293
13.896368 24.281136 836.250000 2.777778 20.280682
13.896368 24.281136 836.250000 2.777778 20.282071
13.896368 24.281136 836.250000 2.777778 20.283460
13.896368 24.281136 836.250000 2.777778 20.284849
13.896368 24.281136 836.250000 2.777778 20.286238
13.940018 24.119353 836.222527 2.777778 20.287626
13.940018 24.119353 836.222527 2.777778 20.289015
13.940018 24.119353 836.222527 2.777778 20.290404
13.940018 24.119353 836.222527 2.777778 20.291793
13.940018 24.119353 836.222527 2.777778 20.293182
13.940018 24.119353 836.222527 2.777778 20.294571
13.940018 24.119353 836.222527 2.777778 20.295960
13.940018 24.119353 836.222527 2.777778 20.297349
13.940018 24.119353 836.222527 2.777778 20.298738
13.940018 24.119353 836.222527 2.777778 20.300126
13.940018 24.119353 836.222527 2.777778 20.301515
13.940018 24.119353 836.222527 2.777778 20.302904
14.000458 23.936203 836.208791 2.762515 20.304293
14.000458 23.936203 836.208791 2.762515 20.305682
14.000458 23.936203 836.208791 2.762515 20.307071
14.000458 23.936203 836.208791 2.762515 20.308460
