9.056166 39.096459 834.162088 3.357753 23.462620
9.056166 39.096459 834.162088 3.357753 23.464008
9.056166 39.096459 834.162088 3.357753 23.465397
9.056166 39.096459 834.162088 3.357753 23.466786
9.056166 39.096459 834.162088 3.357753 23.468175
9.056166 39.096459 834.162088 3.357753 23.469564
9.056166 39.096459 834.162088 3.357753 23.470953
9.056166 39.096459 834.162088 3.357753 23.472342
9.056166 39.096459 834.162088 3.357753 23.473731
9.056166 39.096459 834.162088 3.357753 23.475120
9.056166 39.096459 834.162088 3.357753 23.476508
9.017552 39.267399 834.175824 3.357753 23.477897
9.017552 39.267399 834.175824 3.357753 23.479286
9.017552 39.267399 834.175824 3.357753 23.480675
9.017552 39.267399 834.175824 3.357753 23.482064
9.017552 39.267399 834.175824 3.357753 23.483453
9.017552 39.267399 834.175824 3.357753 23.484842
9.017552 39.267399 834.175824 3.357753 23.486231
9.017552 39.267399 834.175824 3.357753 23.487620
9.017552 39.267399 834.175824 3.357753 23.489009
9.017552 39.267399 834.175824 3.357753 23.490397
9.017552 39.267399 834.175824 3.357753 23.491786
9.017552 39.267399 834.175824 3.357753 23.493175
8.973901 39.462759 834.162088 3.357753 23.494564
8.973901 39.462759 834.162088 3.357753 23.495953
8.973901 39.462759 834.162088 3.357753 23.497342
8.973901 39.462759 834.162088 3.357753 23.498732
8.973901 39.462759 834.162088 3.357753 23.500120
8.973901 39.462759 834.162088 3.357753 23.501509
8.973901 39.462759 834.162088 3.357753 23.502898
8.973901 39.462759 834.162088 3.357753 23.504287
8.973901 39.462759 834.162088 3.357753 23.505676
8.973901 39.462759 834.162088 3.357753 23.507065
8.973901 39.462759 834.162088 3.357753 23.508454
8.973901 39.462759 834.162088 3.357753 23.509843
8.911783 39.700855 834.175824 3.357753 23.511232
8.911783 39.700855 834.175824 3.357753 23.512620
8.911783 39.700855 834.175824 3.357753 23.514009
8.911783 39.700855 834.175824 3.357753 23.515398
8.911783 39.700855 834.175824 3.357753 23.516787
8.911783 39.700855 834.175824 3.357753 23.518176
8.911783 39.700855 834.175824 3.357753 23.519565
8.911783 39.700855 834.175824 3.357753 23.520954
8.911783 39.700855 834.175824 3.357753 23.522343
8.911783 39.700855 834.175824 3.357753 23.523732
8.911783 39.700855 834.175824 3.357753 23.525120
8.911783 39.700855 834.175824 3.357753 23.526509
8.831197 40.004579 834.203297 3.357753 23.527898
8.831197 40.004579 834.203297 3.357753 23.529287
8.831197 40.004579 834.203297 3.357753 23.530676
8.831197 40.004579 834.203297 3.357753 23.532065
8.831197 40.004579 834.203297 3.357753 23.533454
8.831197 40.004579 834.203297 3.357753 23.534843
8.831197 40.004579 834.203297 3.357753 23.536232
8.831197 40.004579 834.203297 3.357753 23.537620
8.831197 40.004579 834.203297 3.357753 23.539009
8.831197 40.004579 834.203297 3.357753 23.540398
8.831197 40.004579 834.203297 3.357753 23.541787
8.831197 40.004579 834.203297 3.357753 23.543176
8.750611 40.308303 834.189560 3.373016 23.544565
8.750611 40.308303 834.189560 3.373016 23.545954
8.750611 40.308303 834.189560 3.373016 23.547343
8.750611 40.308303 834.189560 3.373016 23.548732
8.750611 40.308303 834.189560 3.373016 23.550120
8.750611 40.308303 834.189560 3.373016 23.551509
8.750611 40.308303 834.189560 3.373016 23.552898
8.750611 40.308303 834.189560 3.373016 23.554287
8.750611 40.308303 834.189560 3.373016 23.555676
8.750611 40.308303 834.189560 3.373016 23.557065
8.750611 40.308303 834.189560 3.373016 23.558454
8.750611 40.308303 834.189560 3.373016 23.559843
8.671703 40.547924 834.175824 3.373016 23.561232
8.671703 40.547924 834.175824 3.373016 23.562620
8.671703 40.547924 834.175824 3.373016 23.564009
8.671703 40.547924 834.175824 3.373016 23.565398
8.671703 40.547924 834.175824 3.373016 23.566787
8.671703 40.547924 834.175824 3.373016 23.568176
8.671703 40.547924 834.175824 3.373016 23.569565
8.671703 40.547924 834.175824 3.373016 23.570954
8.671703 40.547924 834.175824 3.373016 23.572343
8.671703 40.547924 834.175824 3.373016 23.573732
8.671703 40.547924 834.175824 3.373016 23.575120
8.671703 40.547924 834.175824 3.373016 23.576509
8.592796 40.761600 834.175824 3.373016 23.577898
8.592796 40.761600 834.175824 3.373016 23.579287
8.592796 40.761600 834.175824 3.373016 23.580676
8.592796 40.761600 834.175824 3.373016 23.582065
8.592796 40.761600 834.175824 3.373016 23.583454
8.592796 40.761600 834.175824 3.373016 23.584843
8.592796 40.761600 834.175824 3.373016 23.586232
8.592796 40.761600 834.175824 3.373016 23.587620
8.592796 40.761600 834.175824 3.373016 23.589009
8.592796 40.761600 834.175824 3.373016 23.590398
8.592796 40.761600 834.175824 3.373016 23.591787
8.592796 40.761600 834.175824 3.373016 23.593176
8.528999 40.931013 834.162088 3.373016 23.594565
8.528999 40.931013 834.162088 3.373016 23.595954
8.528999 40.931013 834.162088 3.373016 23.597343
8.528999 40.931013 834.162088 3.373016 23.598732
8.528999 40.931013 834.162088 3.373016 23.600120
8.528999 40.931013 834.162088 3.373016 23.601509
8.528999 40.931013 834.162088 3.373016 23.602898
8.528999 40.931013 834.162088 3.373016 23.604287
8.528999 40.931013 834.162088 3.373016 23.605676
8.528999 40.931013 834.162088 3.373016 23.607065
8.528999 40.931013 834.162088 3.373016 23.608454
8.528999 40.931013 834.162088 3.373016 23.609843
8.463523 41.089744 834.134615 3.373016 23.611232
8.463523 41.089744 834.134615 3.373016 23.612620
8.463523 41.089744 834.134615 3.373016 23.614009
8.463523 41.089744 834.134615 3.373016 23.615398
8.463523 41.089744 834.134615 3.373016 23.616787
8.463523 41.089744 834.134615 3.373016 23.618176
8.463523 41.089744 834.134615 3.373016 23.619565
8.463523 41.089744 834.134615 3.373016 23.620954
8.463523 41.089744 834.134615 3.373016 23.622343
8.463523 41.089744 834.134615 3.373016 23.623732
8.463523 41.089744 834.134615 3.373016 23.625120
8.463523 41.089744 834.134615 3.373016 23.626509
8.409799 41.217949 834.134615 3.373016 23.627898
8.409799 41.217949 834.134615 3.373016 23.629287
8.409799 41.217949 834.134615 3.373016 23.630676
8.409799 41.217949 834.134615 3.373016 23.632065
8.409799 41.217949 834.134615 3.373016 23.633454
8.409799 41.217949 834.134615 3.373016 23.634843
8.409799 41.217949 834.134615 3.373016 23.636232
8.409799 41.217949 834.134615 3.373016 23.637620
8.409799 41.217949 834.134615 3.373016 23.639009
8.409799 41.217949 834.134615 3.373016 23.640398
8.409799 41.217949 834.134615 3.373016 23.641787
8.409799 41.217949 834.134615 3.373016 23.643176
8.359432 41.289683 834.120879 3.357753 23.644565
8.359432 41.289683 834.120879 3.357753 23.645954
8.359432 41.289683 834.120879 3.357753 23.647343
8.359432 41.289683 834.120879 3.357753 23.648732
8.359432 41.289683 834.120879 3.357753 23.650120
8.359432 41.289683 834.120879 3.357753 23.651509
8.359432 41.289683 834.120879 3.357753 23.652898
8.359432 41.289683 834.120879 3.357753 23.654287
8.359432 41.289683 834.120879 3.357753 23.655676
8.359432 41.289683 834.120879 3.357753 23.657065
8.359432 41.289683 834.120879 3.357753 23.658454
8.359432 41.289683 834.120879 3.357753 23.659843
8.324176 41.321734 834.107143 3.357753 23.661232
8.324176 41.321734 834.107143 3.357753 23.662620
8.324176 41.321734 834.107143 3.357753 23.664009
8.324176 41.321734 834.107143 3.357753 23.665398
8.324176 41.321734 834.107143 3.357753 23.666787
8.324176 41.321734 834.107143 3.357753 23.668176
8.324176 41.321734 834.107143 3.357753 23.669565
8.324176 41.321734 834.107143 3.357753 23.670954
8.324176 41.321734 834.107143 3.357753 23.672343
8.324176 41.321734 834.107143 3.357753 23.673732
8.324176 41.321734 834.107143 3.357753 23.675120
8.324176 41.321734 834.107143 3.357753 23.676509
8.310745 41.303419 834.079670 3.357753 23.677898
8.310745 41.303419 834.079670 3.357753 23.679287
8.310745 41.303419 834.079670 3.357753 23.680676
8.310745 41.303419 834.079670 3.357753 23.682065
8.310745 41.303419 834.079670 3.357753 23.683454
8.310745 41.303419 834.079670 3.357753 23.684843
8.310745 41.303419 834.079670 3.357753 23.686232
8.310745 41.303419 834.079670 3.357753 23.687620
8.310745 41.303419 834.079670 3.357753 23.689009
8.310745 41.303419 834.079670 3.357753 23.690398
8.310745 41.303419 834.079670 3.357753 23.691787
8.310745 41.303419 834.079670 3.357753 23.693176
8.310745 41.271368 834.065934 3.357753 23.694565
8.310745 41.271368 834.065934 3.357753 23.695954
8.310745 41.271368 834.065934 3.357753 23.697343
8.310745 41.271368 834.065934 3.357753 23.698732
8.310745 41.271368 834.065934 3.357753 23.700120
8.310745 41.271368 834.065934 3.357753 23.701509
8.310745 41.271368 834.065934 3.357753 23.702898
8.310745 41.271368 834.065934 3.357753 23.704287
8.310745 41.271368 834.065934 3.357753 23.705676
8.310745 41.271368 834.065934 3.357753 23.707065
8.310745 41.271368 834.065934 3.357753 23.708454
8.310745 41.271368 834.065934 3.357753 23.709843
8.302350 41.275946 834.052198 3.357753 23.711232
8.302350 41.275946 834.052198 3.357753 23.712620
8.302350 41.275946 834.052198 3.357753 23.714009
8.302350 41.275946 834.052198 3.357753 23.715398
8.302350 41.275946 834.052198 3.357753 23.716787
8.302350 41.275946 834.052198 3.357753 23.718176
8.302350 41.275946 834.052198 3.357753 23.719565
8.302350 41.275946 834.052198 3.357753 23.720954
8.302350 41.275946 834.052198 3.357753 23.722343
8.302350 41.275946 834.052198 3.357753 23.723732
8.302350 41.275946 834.052198 3.357753 23.725120
8.302350 41.275946 834.052198 3.357753 23.726509
8.267094 41.405678 834.052198 3.357753 23.727898
8.267094 41.405678 834.052198 3.357753 23.729287
8.267094 41.405678 834.052198 3.357753 23.730676
8.267094 41.405678 834.052198 3.357753 23.732065
8.267094 41.405678 834.052198 3.357753 23.733454
8.267094 41.405678 834.052198 3.357753 23.734843
8.267094 41.405678 834.052198 3.357753 23.736232
8.267094 41.405678 834.052198 3.357753 23.737620
8.267094 41.405678 834.052198 3.357753 23.739009
8.267094 41.405678 834.052198 3.357753 23.740398
8.267094 41.405678 834.052198 3.357753 23.741787
8.267094 41.405678 834.052198 3.357753 23.743176
8.223443 41.616300 834.038462 3.357753 23.744565
8.223443 41.616300 834.038462 3.357753 23.745954
8.223443 41.616300 834.038462 3.357753 23.747343
8.223443 41.616300 834.038462 3.357753 23.748732
8.223443 41.616300 834.038462 3.357753 23.750120
8.223443 41.616300 834.038462 3.357753 23.751509
8.223443 41.616300 834.038462 3.357753 23.752898
8.223443 41.616300 834.038462 3.357753 23.754287
8.223443 41.616300 834.038462 3.357753 23.755676
8.223443 41.616300 834.038462 3.357753 23.757065
8.223443 41.616300 834.038462 3.357753 23.758454
8.223443 41.616300 834.038462 3.357753 23.759843
8.164683 41.878816 834.024725 3.357753 23.761232
8.164683 41.878816 834.024725 3.357753 23.762620
8.164683 41.878816 834.024725 3.357753 23.764009
8.164683 41.878816 834.024725 3.357753 23.765398
8.164683 41.878816 834.024725 3.357753 23.766787
8.164683 41.878816 834.024725 3.357753 23.768176
8.164683 41.878816 834.024725 3.357753 23.769565
8.164683 41.878816 834.024725 3.357753 23.770954
8.164683 41.878816 834.024725 3.357753 23.772343
8.164683 41.878816 834.024725 3.357753 23.773732
8.164683 41.878816 834.024725 3.357753 23.775120
8.164683 41.878816 834.024725 3.357753 23.776509
8.114316 42.092491 834.010989 3.357753 23.777898
8.114316 42.092491 834.010989 3.357753 23.779287
8.114316 42.092491 834.010989 3.357753 23.780676
8.114316 42.092491 834.010989 3.357753 23.782065
8.114316 42.092491 834.010989 3.357753 23.783454
8.114316 42.092491 834.010989 3.357753 23.784843
8.114316 42.092491 834.010989 3.357753 23.786232
8.114316 42.092491 834.010989 3.357753 23.787620
8.114316 42.092491 834.010989 3.357753 23.789009
8.114316 42.092491 834.010989 3.357753 23.790398
8.114316 42.092491 834.010989 3.357753 23.791787
8.114316 42.092491 834.010989 3.357753 23.793176
8.063950 42.251221 833.997253 3.357753 23.794565
8.063950 42.251221 833.997253 3.357753 23.795954
8.063950 42.251221 833.997253 3.357753 23.797343
8.063950 42.251221 833.997253 3.357753 23.798732
8.063950 42.251221 833.997253 3.357753 23.800120
8.063950 42.251221 833.997253 3.357753 23.801509
8.063950 42.251221 833.997253 3.357753 23.802898
8.063950 42.251221 833.997253 3.357753 23.804287
8.063950 42.251221 833.997253 3.357753 23.805676
8.063950 42.251221 833.997253 3.357753 23.807065
8.063950 42.251221 833.997253 3.357753 23.808454
8.063950 42.251221 833.997253 3.357753 23.809843
8.015263 42.434371 833.983516 3.373016 23.811232
8.015263 42.434371 833.983516 3.373016 23.812620
8.015263 42.434371 833.983516 3.373016 23.814009
8.015263 42.434371 833.983516 3.373016 23.815398
8.015263 42.434371 833.983516 3.373016 23.816787
8.015263 42.434371 833.983516 3.373016 23.818176
8.015263 42.434371 833.983516 3.373016 23.819565
8.015263 42.434371 833.983516 3.373016 23.820954
8.015263 42.434371 833.983516 3.373016 23.822343
8.015263 42.434371 833.983516 3.373016 23.823732
8.015263 42.434371 833.983516 3.373016 23.825120
8.015263 42.434371 833.983516 3.373016 23.826509
7.954823 42.657204 833.983516 3.388278 23.827898
7.954823 42.657204 833.983516 3.388278 23.829287
7.954823 42.657204 833.983516 3.388278 23.830676
7.954823 42.657204 833.983516 3.388278 23.832065
7.954823 42.657204 833.983516 3.388278 23.833454
7.954823 42.657204 833.983516 3.388278 23.834843
7.954823 42.657204 833.983516 3.388278 23.836232
7.954823 42.657204 833.983516 3.388278 23.837620
7.954823 42.657204 833.983516 3.388278 23.839009
7.954823 42.657204 833.983516 3.388278 23.840398
7.954823 42.657204 833.983516 3.388278 23.841787
7.954823 42.657204 833.983516 3.388278 23.843176
7.872558 42.921245 833.969780 3.403541 23.844565
7.872558 42.921245 833.969780 3.403541 23.845963
7.872558 42.921245 833.969780 3.403541 23.847352
7.872558 42.921245 833.969780 3.403541 23.848741
7.872558 42.921245 833.969780 3.403541 23.850130
7.872558 42.921245 833.969780 3.403541 23.851518
7.872558 42.921245 833.969780 3.403541 23.852907
7.872558 42.921245 833.969780 3.403541 23.854296
7.872558 42.921245 833.969780 3.403541 23.855685
7.872558 42.921245 833.969780 3.403541 23.857074
7.872558 42.921245 833.969780 3.403541 23.858463
7.872558 42.921245 833.969780 3.403541 23.859852
7.750000 43.231074 833.956044 3.373016 23.861241
7.750000 43.231074 833.956044 3.373016 23.862630
7.750000 43.231074 833.956044 3.373016 23.864018
7.750000 43.231074 833.956044 3.373016 23.865407
7.750000 43.231074 833.956044 3.373016 23.866796
7.750000 43.231074 833.956044 3.373016 23.868185
7.750000 43.231074 833.956044 3.373016 23.869574
7.750000 43.231074 833.956044 3.373016 23.870963
7.750000 43.231074 833.956044 3.373016 23.872352
7.750000 43.231074 833.956044 3.373016 23.873741
7.750000 43.231074 833.956044 3.373016 23.875130
7.750000 43.231074 833.956044 3.373016 23.876518
7.629121 43.583639 833.942308 3.373016 23.877907
7.629121 43.583639 833.942308 3.373016 23.879296
7.629121 43.583639 833.942308 3.373016 23.880685
7.629121 43.583639 833.942308 3.373016 23.882074
7.629121 43.583639 833.942308 3.373016 23.883463
7.629121 43.583639 833.942308 3.373016 23.884852
7.629121 43.583639 833.942308 3.373016 23.886241
7.629121 43.583639 833.942308 3.373016 23.887630
7.629121 43.583639 833.942308 3.373016 23.889018
7.629121 43.583639 833.942308 3.373016 23.890407
7.629121 43.583639 833.942308 3.373016 23.891796
7.629121 43.583639 833.942308 3.373016 23.893185
7.516636 43.882784 833.928571 3.373016 23.894574
7.516636 43.882784 833.928571 3.373016 23.895963
7.516636 43.882784 833.928571 3.373016 23.897352
7.516636 43.882784 833.928571 3.373016 23.898741
7.516636 43.882784 833.928571 3.373016 23.900130
7.516636 43.882784 833.928571 3.373016 23.901518
7.516636 43.882784 833.928571 3.373016 23.902907
7.516636 43.882784 833.928571 3.373016 23.904296
7.516636 43.882784 833.928571 3.373016 23.905685
7.516636 43.882784 833.928571 3.373016 23.907074
7.516636 43.882784 833.928571 3.373016 23.908463
7.516636 43.882784 833.928571 3.373016 23.909852
7.420940 44.062882 833.928571 3.357753 23.911241
7.420940 44.062882 833.928571 3.357753 23.912630
7.420940 44.062882 833.928571 3.357753 23.914018
7.420940 44.062882 833.928571 3.357753 23.915407
7.420940 44.062882 833.928571 3.357753 23.916796
7.420940 44.062882 833.928571 3.357753 23.918185
7.420940 44.062882 833.928571 3.357753 23.919574
7.420940 44.062882 833.928571 3.357753 23.920963
7.420940 44.062882 833.928571 3.357753 23.922352
7.420940 44.062882 833.928571 3.357753 23.923741
7.420940 44.062882 833.928571 3.357753 23.925130
7.420940 44.062882 833.928571 3.357753 23.926518
7.343712 44.162088 833.942308 3.342491 23.927907
7.343712 44.162088 833.942308 3.342491 23.929296
7.343712 44.162088 833.942308 3.342491 23.930685
7.343712 44.162088 833.942308 3.342491 23.932074
7.343712 44.162088 833.942308 3.342491 23.933463
7.343712 44.162088 833.942308 3.342491 23.934852
7.343712 44.162088 833.942308 3.342491 23.936241
7.343712 44.162088 833.942308 3.342491 23.937630
7.343712 44.162088 833.942308 3.342491 23.939018
7.343712 44.162088 833.942308 3.342491 23.940407
7.343712 44.162088 833.942308 3.342491 23.941796
7.343712 44.162088 833.942308 3.342491 23.943185
7.273199 44.267399 833.942308 3.342491 23.944574
7.273199 44.267399 833.942308 3.342491 23.945963
7.273199 44.267399 833.942308 3.342491 23.947352
7.273199 44.267399 833.942308 3.342491 23.948741
7.273199 44.267399 833.942308 3.342491 23.950130
7.273199 44.267399 833.942308 3.342491 23.951518
7.273199 44.267399 833.942308 3.342491 23.952907
7.273199 44.267399 833.942308 3.342491 23.954296
7.273199 44.267399 833.942308 3.342491 23.955685
7.273199 44.267399 833.942308 3.342491 23.957074
7.273199 44.267399 833.942308 3.342491 23.958463
7.273199 44.267399 833.942308 3.342491 23.959852
7.202686 44.421551 833.956044 3.342491 23.961241
7.202686 44.421551 833.956044 3.342491 23.962630
7.202686 44.421551 833.956044 3.342491 23.964018
7.202686 44.421551 833.956044 3.342491 23.965407
7.202686 44.421551 833.956044 3.342491 23.966796
7.202686 44.421551 833.956044 3.342491 23.968185
7.202686 44.421551 833.956044 3.342491 23.969574
7.202686 44.421551 833.956044 3.342491 23.970963
7.202686 44.421551 833.956044 3.342491 23.972352
7.202686 44.421551 833.956044 3.342491 23.973741
7.202686 44.421551 833.956044 3.342491 23.975130
7.202686 44.421551 833.956044 3.342491 23.976518
7.132173 44.560440 833.969780 3.342491 23.977907
7.132173 44.560440 833.969780 3.342491 23.979296
7.132173 44.560440 833.969780 3.342491 23.980685
7.132173 44.560440 833.969780 3.342491 23.982074
7.132173 44.560440 833.969780 3.342491 23.983463
7.132173 44.560440 833.969780 3.342491 23.984852
7.132173 44.560440 833.969780 3.342491 23.986241
7.132173 44.560440 833.969780 3.342491 23.987630
7.132173 44.560440 833.969780 3.342491 23.989018
7.132173 44.560440 833.969780 3.342491 23.990421
7.132173 44.560440 833.969780 3.342491 23.992202
7.078449 44.633700 833.969780 3.342491 23.993590
