11.497253 29.087302 835.865385 2.808303 1.170391
11.497253 29.087302 835.865385 2.808303 1.170485
11.497253 29.087302 835.865385 2.808303 1.171873
11.497253 29.087302 835.865385 2.808303 1.173262
11.497253 29.087302 835.865385 2.808303 1.174651
11.497253 29.087302 835.865385 2.808303 1.176040
11.497253 29.087302 835.865385 2.808303 1.177430
11.497253 29.087302 835.865385 2.808303 1.178819
11.497253 29.087302 835.865385 2.808303 1.180208
11.497253 29.087302 835.865385 2.808303 1.181597
11.497253 29.087302 835.865385 2.808303 1.182986
