3.161630 61.401099 834.423077 3.464591 18.399040
3.161630 61.401099 834.423077 3.464591 18.400429
3.161630 61.401099 834.423077 3.464591 18.401818
3.161630 61.401099 834.423077 3.464591 18.403207
3.161630 61.401099 834.423077 3.464591 18.404596
3.274115 60.989011 834.409341 3.464591 18.405985
3.274115 60.989011 834.409341 3.464591 18.407374
3.274115 60.989011 834.409341 3.464591 18.408763
3.274115 60.989011 834.409341 3.464591 18.410151
3.274115 60.989011 834.409341 3.464591 18.411540
3.274115 60.989011 834.409341 3.464591 18.412929
3.274115 60.989011 834.409341 3.464591 18.414318
3.274115 60.989011 834.409341 3.464591 18.415707
3.274115 60.989011 834.409341 3.464591 18.417096
