11.070818 29.671856 835.755495 2.869353 1.394167
11.070818 29.671856 835.755495 2.869353 1.394262
11.070818 29.671856 835.755495 2.869353 1.395650
11.070818 29.671856 835.755495 2.869353 1.397039
11.070818 29.671856 835.755495 2.869353 1.398428
11.070818 29.671856 835.755495 2.869353 1.399819
11.070818 29.671856 835.755495 2.869353 1.401208
11.070818 29.671856 835.755495 2.869353 1.402597
11.070818 29.681013 835.755495 2.869353 1.403986
11.070818 29.681013 835.755495 2.869353 1.405375
11.070818 29.681013 835.755495 2.869353 1.406763
11.070818 29.681013 835.755495 2.869353 1.408152
11.070818 29.681013 835.755495 2.869353 1.409541
11.070818 29.681013 835.755495 2.869353 1.410930
11.070818 29.681013 835.755495 2.869353 1.412319
11.070818 29.681013 835.755495 2.869353 1.413708
11.070818 29.681013 835.755495 2.869353 1.415097
11.070818 29.681013 835.755495 2.869353 1.416486
11.070818 29.681013 835.755495 2.869353 1.417875
11.070818 29.681013 835.755495 2.869353 1.419263
11.070818 29.656593 835.755495 2.869353 1.420652
