3.356380 42.977717 840.810440 2.396215 16.634640
3.356380 42.977717 840.810440 2.396215 16.636029
3.356380 42.977717 840.810440 2.396215 16.637418
3.356380 42.977717 840.810440 2.396215 16.638807
3.356380 42.977717 840.810440 2.396215 16.640196
3.356380 42.977717 840.810440 2.396215 16.641585
3.356380 42.977717 840.810440 2.396215 16.642974
3.356380 42.977717 840.810440 2.396215 16.644363
3.356380 42.977717 840.810440 2.396215 16.645752
3.346306 43.321123 840.796703 2.426740 16.647140
3.346306 43.321123 840.796703 2.426740 16.648529
3.346306 43.321123 840.796703 2.426740 16.649918
3.346306 43.321123 840.796703 2.426740 16.651307
3.346306 43.321123 840.796703 2.426740 16.652696
3.346306 43.321123 840.796703 2.426740 16.654085
3.346306 43.321123 840.796703 2.426740 16.655474
3.346306 43.321123 840.796703 2.426740 16.656863
3.346306 43.321123 840.796703 2.426740 16.658252
3.346306 43.321123 840.796703 2.426740 16.659640
3.346306 43.321123 840.796703 2.426740 16.661029
3.346306 43.321123 840.796703 2.426740 16.662418
3.331197 43.634005 840.810440 2.426740 16.663807
3.331197 43.634005 840.810440 2.426740 16.665196
3.331197 43.634005 840.810440 2.426740 16.666585
3.331197 43.634005 840.810440 2.426740 16.667974
3.331197 43.634005 840.810440 2.426740 16.669363
3.331197 43.634005 840.810440 2.426740 16.670752
3.331197 43.634005 840.810440 2.426740 16.672140
3.331197 43.634005 840.810440 2.426740 16.673529
3.331197 43.634005 840.810440 2.426740 16.674918
3.331197 43.634005 840.810440 2.426740 16.676307
3.331197 43.634005 840.810440 2.426740 16.677696
3.331197 43.634005 840.810440 2.426740 16.679085
3.314408 43.872100 840.796703 2.426740 16.680474
3.314408 43.872100 840.796703 2.426740 16.681863
3.314408 43.872100 840.796703 2.426740 16.683252
3.314408 43.872100 840.796703 2.426740 16.684640
3.314408 43.872100 840.796703 2.426740 16.686029
3.314408 43.872100 840.796703 2.426740 16.687418
3.314408 43.872100 840.796703 2.426740 16.688807
3.314408 43.872100 840.796703 2.426740 16.690196
3.314408 43.872100 840.796703 2.426740 16.691585
3.314408 43.872100 840.796703 2.426740 16.692974
3.314408 43.872100 840.796703 2.426740 16.694363
3.314408 43.872100 840.796703 2.426740 16.695752
3.297619 44.162088 840.796703 2.426740 16.697140
3.297619 44.162088 840.796703 2.426740 16.698529
3.297619 44.162088 840.796703 2.426740 16.699918
3.297619 44.162088 840.796703 2.426740 16.701307
3.297619 44.162088 840.796703 2.426740 16.702696
3.297619 44.162088 840.796703 2.426740 16.704085
3.297619 44.162088 840.796703 2.426740 16.705474
3.297619 44.162088 840.796703 2.426740 16.706863
3.297619 44.162088 840.796703 2.426740 16.708252
3.297619 44.162088 840.796703 2.426740 16.709640
3.297619 44.162088 840.796703 2.426740 16.711029
3.297619 44.162088 840.796703 2.426740 16.712418
3.287546 44.439866 840.810440 2.426740 16.713807
3.287546 44.439866 840.810440 2.426740 16.715196
3.287546 44.439866 840.810440 2.426740 16.716585
3.287546 44.439866 840.810440 2.426740 16.717974
3.287546 44.439866 840.810440 2.426740 16.719363
3.287546 44.439866 840.810440 2.426740 16.720752
3.287546 44.439866 840.810440 2.426740 16.722140
3.287546 44.439866 840.810440 2.426740 16.723529
3.287546 44.439866 840.810440 2.426740 16.724918
3.287546 44.439866 840.810440 2.426740 16.726307
3.287546 44.439866 840.810440 2.426740 16.727696
3.287546 44.439866 840.810440 2.426740 16.729085
3.267399 44.708486 840.810440 2.457265 16.730474
3.267399 44.708486 840.810440 2.457265 16.731863
3.267399 44.708486 840.810440 2.457265 16.733252
3.267399 44.708486 840.810440 2.457265 16.734640
3.267399 44.708486 840.810440 2.457265 16.736029
3.267399 44.708486 840.810440 2.457265 16.737418
3.267399 44.708486 840.810440 2.457265 16.738807
3.267399 44.708486 840.810440 2.457265 16.740196
3.267399 44.708486 840.810440 2.457265 16.741585
3.267399 44.708486 840.810440 2.457265 16.742974
3.267399 44.708486 840.810440 2.457265 16.744363
3.267399 44.708486 840.810440 2.457265 16.745752
3.238858 44.855006 840.824176 2.487790 16.747140
3.238858 44.855006 840.824176 2.487790 16.748529
3.238858 44.855006 840.824176 2.487790 16.749918
3.238858 44.855006 840.824176 2.487790 16.751307
3.238858 44.855006 840.824176 2.487790 16.752696
3.238858 44.855006 840.824176 2.487790 16.754085
3.238858 44.855006 840.824176 2.487790 16.755474
3.238858 44.855006 840.824176 2.487790 16.756863
3.238858 44.855006 840.824176 2.487790 16.758252
3.238858 44.855006 840.824176 2.487790 16.759640
3.238858 44.855006 840.824176 2.487790 16.761029
3.238858 44.855006 840.824176 2.487790 16.762418
3.201923 44.879426 840.851648 2.457265 16.763807
3.201923 44.879426 840.851648 2.457265 16.765196
3.201923 44.879426 840.851648 2.457265 16.766585
3.201923 44.879426 840.851648 2.457265 16.767974
3.201923 44.879426 840.851648 2.457265 16.769363
3.201923 44.879426 840.851648 2.457265 16.770752
3.201923 44.879426 840.851648 2.457265 16.772140
3.201923 44.879426 840.851648 2.457265 16.773529
3.201923 44.879426 840.851648 2.457265 16.774918
3.201923 44.879426 840.851648 2.457265 16.776307
3.201923 44.879426 840.851648 2.457265 16.777696
3.201923 44.879426 840.851648 2.457265 16.779085
3.161630 44.740537 840.865385 2.457265 16.780474
3.161630 44.740537 840.865385 2.457265 16.781863
3.161630 44.740537 840.865385 2.457265 16.783252
3.161630 44.740537 840.865385 2.457265 16.784640
3.161630 44.740537 840.865385 2.457265 16.786029
3.161630 44.740537 840.865385 2.457265 16.787418
3.161630 44.740537 840.865385 2.457265 16.788807
3.161630 44.740537 840.865385 2.457265 16.790196
3.161630 44.740537 840.865385 2.457265 16.791585
3.161630 44.740537 840.865385 2.457265 16.792974
3.161630 44.740537 840.865385 2.457265 16.794363
3.161630 44.740537 840.865385 2.457265 16.795752
3.138126 44.699328 840.892857 2.457265 16.797140
3.138126 44.699328 840.892857 2.457265 16.798529
3.138126 44.699328 840.892857 2.457265 16.799918
3.138126 44.699328 840.892857 2.457265 16.801307
3.138126 44.699328 840.892857 2.457265 16.802696
3.138126 44.699328 840.892857 2.457265 16.804085
3.138126 44.699328 840.892857 2.457265 16.805474
3.138126 44.699328 840.892857 2.457265 16.806863
3.138126 44.699328 840.892857 2.457265 16.808252
3.138126 44.699328 840.892857 2.457265 16.809640
3.138126 44.699328 840.892857 2.457265 16.811029
3.138126 44.699328 840.892857 2.457265 16.812418
3.129731 44.656593 840.906593 2.457265 16.813807
3.129731 44.656593 840.906593 2.457265 16.815196
3.129731 44.656593 840.906593 2.457265 16.816585
3.129731 44.656593 840.906593 2.457265 16.817974
3.129731 44.656593 840.906593 2.457265 16.819363
3.129731 44.656593 840.906593 2.457265 16.820752
3.129731 44.656593 840.906593 2.457265 16.822140
3.129731 44.656593 840.906593 2.457265 16.823529
3.129731 44.656593 840.906593 2.457265 16.824918
3.129731 44.656593 840.906593 2.457265 16.826307
3.129731 44.656593 840.906593 2.457265 16.827696
3.129731 44.656593 840.906593 2.457265 16.829085
3.121337 44.610806 840.920330 2.457265 16.830474
3.121337 44.610806 840.920330 2.457265 16.831863
3.121337 44.610806 840.920330 2.457265 16.833252
3.121337 44.610806 840.920330 2.457265 16.834640
3.121337 44.610806 840.920330 2.457265 16.836029
3.121337 44.610806 840.920330 2.457265 16.837418
3.121337 44.610806 840.920330 2.457265 16.838807
3.121337 44.610806 840.920330 2.457265 16.840196
3.121337 44.610806 840.920330 2.457265 16.841585
3.121337 44.610806 840.920330 2.457265 16.842974
3.121337 44.610806 840.920330 2.457265 16.844363
3.121337 44.610806 840.920330 2.457265 16.845752
3.121337 44.584860 840.920330 2.457265 16.847140
3.121337 44.584860 840.920330 2.457265 16.848529
3.121337 44.584860 840.920330 2.457265 16.849918
3.121337 44.584860 840.920330 2.457265 16.851307
3.121337 44.584860 840.920330 2.457265 16.852696
3.121337 44.584860 840.920330 2.457265 16.854085
3.121337 44.584860 840.920330 2.457265 16.855474
3.121337 44.584860 840.920330 2.457265 16.856863
3.121337 44.584860 840.920330 2.457265 16.858252
3.121337 44.584860 840.920330 2.457265 16.859640
3.121337 44.584860 840.920330 2.457265 16.861029
3.121337 44.584860 840.920330 2.457265 16.862418
3.121337 44.572650 840.906593 2.457265 16.863807
3.121337 44.572650 840.906593 2.457265 16.865196
3.121337 44.572650 840.906593 2.457265 16.866585
3.121337 44.572650 840.906593 2.457265 16.867974
3.121337 44.572650 840.906593 2.457265 16.869363
3.121337 44.572650 840.906593 2.457265 16.870752
3.121337 44.572650 840.906593 2.457265 16.872140
3.121337 44.572650 840.906593 2.457265 16.873529
3.121337 44.572650 840.906593 2.457265 16.874918
3.121337 44.572650 840.906593 2.457265 16.876307
3.121337 44.572650 840.906593 2.457265 16.877696
3.121337 44.572650 840.906593 2.457265 16.879085
3.114621 44.465812 840.892857 2.457265 16.880474
3.114621 44.465812 840.892857 2.457265 16.881863
3.114621 44.465812 840.892857 2.457265 16.883252
3.114621 44.465812 840.892857 2.457265 16.884640
3.114621 44.465812 840.892857 2.457265 16.886029
3.114621 44.465812 840.892857 2.457265 16.887418
3.114621 44.465812 840.892857 2.457265 16.888807
3.114621 44.465812 840.892857 2.457265 16.890196
3.114621 44.465812 840.892857 2.457265 16.891585
3.114621 44.465812 840.892857 2.457265 16.892974
3.114621 44.465812 840.892857 2.457265 16.894363
3.114621 44.465812 840.892857 2.457265 16.895752
3.114621 44.377289 840.892857 2.457265 16.897140
3.114621 44.377289 840.892857 2.457265 16.898529
3.114621 44.377289 840.892857 2.457265 16.899918
3.114621 44.377289 840.892857 2.457265 16.901307
3.114621 44.377289 840.892857 2.457265 16.902696
3.114621 44.377289 840.892857 2.457265 16.904085
3.114621 44.377289 840.892857 2.457265 16.905474
3.114621 44.377289 840.892857 2.457265 16.906863
3.114621 44.377289 840.892857 2.457265 16.908252
3.114621 44.377289 840.892857 2.457265 16.909640
3.114621 44.377289 840.892857 2.457265 16.911029
3.114621 44.377289 840.892857 2.457265 16.912418
3.121337 44.384921 840.879121 2.457265 16.913807
3.121337 44.384921 840.879121 2.457265 16.915196
3.121337 44.384921 840.879121 2.457265 16.916585
3.121337 44.384921 840.879121 2.457265 16.917974
3.121337 44.384921 840.879121 2.457265 16.919363
3.121337 44.384921 840.879121 2.457265 16.920752
3.121337 44.384921 840.879121 2.457265 16.922140
3.121337 44.384921 840.879121 2.457265 16.923529
3.121337 44.384921 840.879121 2.457265 16.924918
3.121337 44.384921 840.879121 2.457265 16.926307
3.121337 44.384921 840.879121 2.457265 16.927696
3.121337 44.384921 840.879121 2.457265 16.929085
3.134768 44.427656 840.851648 2.457265 16.930474
3.134768 44.427656 840.851648 2.457265 16.931863
3.134768 44.427656 840.851648 2.457265 16.933252
3.134768 44.427656 840.851648 2.457265 16.934640
3.134768 44.427656 840.851648 2.457265 16.936029
3.134768 44.427656 840.851648 2.457265 16.937418
3.134768 44.427656 840.851648 2.457265 16.938807
3.134768 44.427656 840.851648 2.457265 16.940196
3.134768 44.427656 840.851648 2.457265 16.941585
3.134768 44.427656 840.851648 2.457265 16.942974
3.134768 44.427656 840.851648 2.457265 16.944363
3.134768 44.427656 840.851648 2.457265 16.945752
3.146520 44.503968 840.851648 2.503053 16.947140
3.146520 44.503968 840.851648 2.503053 16.948529
3.146520 44.503968 840.851648 2.503053 16.949918
3.146520 44.503968 840.851648 2.503053 16.951307
3.146520 44.503968 840.851648 2.503053 16.952696
3.146520 44.503968 840.851648 2.503053 16.954085
3.146520 44.503968 840.851648 2.503053 16.955474
3.146520 44.503968 840.851648 2.503053 16.956863
3.146520 44.503968 840.851648 2.503053 16.958252
3.146520 44.503968 840.851648 2.503053 16.959640
3.146520 44.503968 840.851648 2.503053 16.961029
3.146520 44.503968 840.851648 2.503053 16.962418
3.163309 44.540598 840.865385 2.503053 16.963807
3.163309 44.540598 840.865385 2.503053 16.965196
3.163309 44.540598 840.865385 2.503053 16.966585
3.163309 44.540598 840.865385 2.503053 16.967974
3.163309 44.540598 840.865385 2.503053 16.969363
3.163309 44.540598 840.865385 2.503053 16.970752
3.163309 44.540598 840.865385 2.503053 16.972140
3.163309 44.540598 840.865385 2.503053 16.973529
3.163309 44.540598 840.865385 2.503053 16.974918
3.163309 44.540598 840.865385 2.503053 16.976307
3.163309 44.540598 840.865385 2.503053 16.977696
3.163309 44.540598 840.865385 2.503053 16.979085
3.171703 44.474969 840.851648 2.503053 16.980474
3.171703 44.474969 840.851648 2.503053 16.981863
3.171703 44.474969 840.851648 2.503053 16.983252
3.171703 44.474969 840.851648 2.503053 16.984640
3.171703 44.474969 840.851648 2.503053 16.986029
3.171703 44.474969 840.851648 2.503053 16.987418
3.171703 44.474969 840.851648 2.503053 16.988807
3.171703 44.474969 840.851648 2.503053 16.990196
3.171703 44.474969 840.851648 2.503053 16.991585
3.171703 44.474969 840.851648 2.503053 16.992974
3.171703 44.474969 840.851648 2.503053 16.994363
3.171703 44.474969 840.851648 2.503053 16.995752
3.178419 44.311661 840.824176 2.487790 16.997140
3.178419 44.311661 840.824176 2.487790 16.998529
3.178419 44.311661 840.824176 2.487790 16.999918
3.178419 44.311661 840.824176 2.487790 17.001307
3.178419 44.311661 840.824176 2.487790 17.002696
3.178419 44.311661 840.824176 2.487790 17.004085
3.178419 44.311661 840.824176 2.487790 17.005474
3.178419 44.311661 840.824176 2.487790 17.006863
3.178419 44.311661 840.824176 2.487790 17.008252
3.178419 44.311661 840.824176 2.487790 17.009640
3.178419 44.311661 840.824176 2.487790 17.011029
3.178419 44.311661 840.824176 2.487790 17.012418
3.178419 44.172772 840.824176 2.487790 17.013807
3.178419 44.172772 840.824176 2.487790 17.015196
3.178419 44.172772 840.824176 2.487790 17.016585
3.178419 44.172772 840.824176 2.487790 17.017974
3.178419 44.172772 840.824176 2.487790 17.019363
3.178419 44.172772 840.824176 2.487790 17.020752
3.178419 44.172772 840.824176 2.487790 17.022140
3.178419 44.172772 840.824176 2.487790 17.023529
3.178419 44.172772 840.824176 2.487790 17.024918
3.178419 44.172772 840.824176 2.487790 17.026307
3.178419 44.172772 840.824176 2.487790 17.027696
3.178419 44.172772 840.824176 2.487790 17.029085
3.173382 43.960623 840.851648 2.442002 17.030474
3.173382 43.960623 840.851648 2.442002 17.031863
3.173382 43.960623 840.851648 2.442002 17.033252
3.173382 43.960623 840.851648 2.442002 17.034640
3.173382 43.960623 840.851648 2.442002 17.036029
3.173382 43.960623 840.851648 2.442002 17.037418
3.173382 43.960623 840.851648 2.442002 17.038807
3.173382 43.960623 840.851648 2.442002 17.040196
3.173382 43.960623 840.851648 2.442002 17.041585
3.173382 43.960623 840.851648 2.442002 17.042974
3.173382 43.960623 840.851648 2.442002 17.044363
3.173382 43.960623 840.851648 2.442002 17.045752
3.173382 43.829365 840.851648 2.426740 17.047140
3.173382 43.829365 840.851648 2.426740 17.048529
3.173382 43.829365 840.851648 2.426740 17.049918
3.173382 43.829365 840.851648 2.426740 17.051307
3.173382 43.829365 840.851648 2.426740 17.052696
3.173382 43.829365 840.851648 2.426740 17.054085
3.173382 43.829365 840.851648 2.426740 17.055474
3.173382 43.829365 840.851648 2.426740 17.056863
3.173382 43.829365 840.851648 2.426740 17.058252
3.173382 43.829365 840.851648 2.426740 17.059640
3.173382 43.829365 840.851648 2.426740 17.061029
3.173382 43.829365 840.851648 2.426740 17.062418
3.173382 43.721001 840.837912 2.426740 17.063807
3.173382 43.721001 840.837912 2.426740 17.065196
3.173382 43.721001 840.837912 2.426740 17.066585
3.173382 43.721001 840.837912 2.426740 17.067974
3.173382 43.721001 840.837912 2.426740 17.069363
3.173382 43.721001 840.837912 2.426740 17.070752
3.173382 43.721001 840.837912 2.426740 17.072140
3.173382 43.721001 840.837912 2.426740 17.073529
3.173382 43.721001 840.837912 2.426740 17.074918
3.173382 43.721001 840.837912 2.426740 17.076307
3.173382 43.721001 840.837912 2.426740 17.077696
3.173382 43.721001 840.837912 2.426740 17.079085
3.175061 43.658425 840.851648 2.426740 17.080474
3.175061 43.658425 840.851648 2.426740 17.081863
3.175061 43.658425 840.851648 2.426740 17.083252
3.175061 43.658425 840.851648 2.426740 17.084640
3.175061 43.658425 840.851648 2.426740 17.086029
3.175061 43.658425 840.851648 2.426740 17.087418
3.175061 43.658425 840.851648 2.426740 17.088807
3.175061 43.658425 840.851648 2.426740 17.090196
3.175061 43.658425 840.851648 2.426740 17.091585
3.175061 43.658425 840.851648 2.426740 17.092974
3.175061 43.658425 840.851648 2.426740 17.094363
3.175061 43.658425 840.851648 2.426740 17.095752
3.181777 43.598901 840.851648 2.426740 17.097140
3.181777 43.598901 840.851648 2.426740 17.098529
3.181777 43.598901 840.851648 2.426740 17.099918
3.181777 43.598901 840.851648 2.426740 17.101307
3.181777 43.598901 840.851648 2.426740 17.102696
3.181777 43.598901 840.851648 2.426740 17.104085
3.181777 43.598901 840.851648 2.426740 17.105474
3.181777 43.598901 840.851648 2.426740 17.106863
3.181777 43.598901 840.851648 2.426740 17.108252
3.181777 43.598901 840.851648 2.426740 17.109640
3.181777 43.598901 840.851648 2.426740 17.111029
3.181777 43.598901 840.851648 2.426740 17.112418
3.193529 43.482906 840.851648 2.426740 17.113807
3.193529 43.482906 840.851648 2.426740 17.115196
3.193529 43.482906 840.851648 2.426740 17.116585
3.193529 43.482906 840.851648 2.426740 17.117974
3.193529 43.482906 840.851648 2.426740 17.119363
3.193529 43.482906 840.851648 2.426740 17.120752
3.193529 43.482906 840.851648 2.426740 17.122140
3.193529 43.482906 840.851648 2.426740 17.123529
3.193529 43.482906 840.851648 2.426740 17.124918
3.193529 43.482906 840.851648 2.426740 17.126307
3.193529 43.482906 840.851648 2.426740 17.127696
3.193529 43.482906 840.851648 2.426740 17.129085
3.200244 43.400488 840.851648 2.426740 17.130474
3.200244 43.400488 840.851648 2.426740 17.131863
3.200244 43.400488 840.851648 2.426740 17.133252
3.200244 43.400488 840.851648 2.426740 17.134640
3.200244 43.400488 840.851648 2.426740 17.136029
3.200244 43.400488 840.851648 2.426740 17.137418
3.200244 43.400488 840.851648 2.426740 17.138807
3.200244 43.400488 840.851648 2.426740 17.140196
3.200244 43.400488 840.851648 2.426740 17.141585
3.200244 43.400488 840.851648 2.426740 17.142974
3.200244 43.400488 840.851648 2.426740 17.144363
3.200244 43.400488 840.851648 2.426740 17.145752
3.215354 43.414225 840.865385 2.426740 17.147140
3.215354 43.414225 840.865385 2.426740 17.148529
3.215354 43.414225 840.865385 2.426740 17.149918
3.215354 43.414225 840.865385 2.426740 17.151307
3.215354 43.414225 840.865385 2.426740 17.152696
3.215354 43.414225 840.865385 2.426740 17.154085
3.215354 43.414225 840.865385 2.426740 17.155474
3.215354 43.414225 840.865385 2.426740 17.156863
3.215354 43.414225 840.865385 2.426740 17.158252
3.215354 43.414225 840.865385 2.426740 17.159640
3.215354 43.414225 840.865385 2.426740 17.161029
3.215354 43.414225 840.865385 2.426740 17.162418
3.232143 43.435592 840.865385 2.426740 17.163807
3.232143 43.435592 840.865385 2.426740 17.165196
3.232143 43.435592 840.865385 2.426740 17.166585
3.232143 43.435592 840.865385 2.426740 17.167974
3.232143 43.435592 840.865385 2.426740 17.169363
3.232143 43.435592 840.865385 2.426740 17.170752
3.232143 43.435592 840.865385 2.426740 17.172140
3.232143 43.435592 840.865385 2.426740 17.173529
3.232143 43.435592 840.865385 2.426740 17.174918
3.232143 43.435592 840.865385 2.426740 17.176307
3.232143 43.435592 840.865385 2.426740 17.177696
3.232143 43.435592 840.865385 2.426740 17.179085
3.248932 43.437118 840.879121 2.426740 17.180474
3.248932 43.437118 840.879121 2.426740 17.181863
3.248932 43.437118 840.879121 2.426740 17.183252
3.248932 43.437118 840.879121 2.426740 17.184640
3.248932 43.437118 840.879121 2.426740 17.186029
3.248932 43.437118 840.879121 2.426740 17.187418
3.248932 43.437118 840.879121 2.426740 17.188807
3.248932 43.437118 840.879121 2.426740 17.190196
3.248932 43.437118 840.879121 2.426740 17.191585
3.248932 43.437118 840.879121 2.426740 17.192974
3.248932 43.437118 840.879121 2.426740 17.194363
3.248932 43.437118 840.879121 2.426740 17.195752
3.270757 43.467643 840.865385 2.426740 17.197140
3.270757 43.467643 840.865385 2.426740 17.198529
3.270757 43.467643 840.865385 2.426740 17.199918
3.270757 43.467643 840.865385 2.426740 17.201307
3.270757 43.467643 840.865385 2.426740 17.202696
3.270757 43.467643 840.865385 2.426740 17.204085
3.270757 43.467643 840.865385 2.426740 17.205474
3.270757 43.467643 840.865385 2.426740 17.206863
3.270757 43.467643 840.865385 2.426740 17.208252
3.270757 43.467643 840.865385 2.426740 17.209640
3.270757 43.467643 840.865385 2.426740 17.211029
3.270757 43.467643 840.865385 2.426740 17.212418
3.287546 43.556166 840.851648 2.442002 17.213807
3.287546 43.556166 840.851648 2.442002 17.215196
3.287546 43.556166 840.851648 2.442002 17.216585
3.287546 43.556166 840.851648 2.442002 17.217974
3.287546 43.556166 840.851648 2.442002 17.219363
3.287546 43.556166 840.851648 2.442002 17.220752
3.287546 43.556166 840.851648 2.442002 17.222140
3.287546 43.556166 840.851648 2.442002 17.223529
3.287546 43.556166 840.851648 2.442002 17.224918
3.287546 43.556166 840.851648 2.442002 17.226307
3.287546 43.556166 840.851648 2.442002 17.227696
3.287546 43.556166 840.851648 2.442002 17.229085
3.317766 43.598901 840.851648 2.472527 17.230474
3.317766 43.598901 840.851648 2.472527 17.231863
3.317766 43.598901 840.851648 2.472527 17.233252
3.317766 43.598901 840.851648 2.472527 17.234640
3.317766 43.598901 840.851648 2.472527 17.236029
3.317766 43.598901 840.851648 2.472527 17.237418
3.317766 43.598901 840.851648 2.472527 17.238807
3.317766 43.598901 840.851648 2.472527 17.240196
3.317766 43.598901 840.851648 2.472527 17.241585
3.317766 43.598901 840.851648 2.472527 17.242974
3.317766 43.598901 840.851648 2.472527 17.244363
3.317766 43.598901 840.851648 2.472527 17.245752
3.356380 43.577534 840.851648 2.487790 17.247140
3.356380 43.577534 840.851648 2.487790 17.248529
3.356380 43.577534 840.851648 2.487790 17.249918
3.356380 43.577534 840.851648 2.487790 17.251307
3.356380 43.577534 840.851648 2.487790 17.252696
3.356380 43.577534 840.851648 2.487790 17.254085
3.356380 43.577534 840.851648 2.487790 17.255474
3.356380 43.577534 840.851648 2.487790 17.256863
3.356380 43.577534 840.851648 2.487790 17.258252
3.356380 43.577534 840.851648 2.487790 17.259640
3.356380 43.577534 840.851648 2.487790 17.261029
3.356380 43.577534 840.851648 2.487790 17.262418
3.381563 43.493590 840.837912 2.487790 17.263807
3.381563 43.493590 840.837912 2.487790 17.265196
3.381563 43.493590 840.837912 2.487790 17.266585
3.381563 43.493590 840.837912 2.487790 17.267974
3.381563 43.493590 840.837912 2.487790 17.269363
3.381563 43.493590 840.837912 2.487790 17.270752
3.381563 43.493590 840.837912 2.487790 17.272140
3.381563 43.493590 840.837912 2.487790 17.273529
3.381563 43.493590 840.837912 2.487790 17.274918
3.381563 43.493590 840.837912 2.487790 17.276307
3.381563 43.493590 840.837912 2.487790 17.277696
3.381563 43.493590 840.837912 2.487790 17.279085
3.405067 43.426435 840.810440 2.487790 17.280474
3.405067 43.426435 840.810440 2.487790 17.281863
3.405067 43.426435 840.810440 2.487790 17.283252
3.405067 43.426435 840.810440 2.487790 17.284640
3.405067 43.426435 840.810440 2.487790 17.286029
3.405067 43.426435 840.810440 2.487790 17.287418
3.405067 43.426435 840.810440 2.487790 17.288807
3.405067 43.426435 840.810440 2.487790 17.290196
3.405067 43.426435 840.810440 2.487790 17.291585
3.405067 43.426435 840.810440 2.487790 17.292974
3.405067 43.426435 840.810440 2.487790 17.294363
3.405067 43.426435 840.810440 2.487790 17.295752
3.425214 43.246337 840.782967 2.442002 17.297140
3.425214 43.246337 840.782967 2.442002 17.298529
3.425214 43.246337 840.782967 2.442002 17.299918
3.425214 43.246337 840.782967 2.442002 17.301307
3.425214 43.246337 840.782967 2.442002 17.302696
3.425214 43.246337 840.782967 2.442002 17.304085
3.425214 43.246337 840.782967 2.442002 17.305474
3.425214 43.246337 840.782967 2.442002 17.306863
3.425214 43.246337 840.782967 2.442002 17.308252
3.425214 43.246337 840.782967 2.442002 17.309640
3.425214 43.246337 840.782967 2.442002 17.311029
3.425214 43.246337 840.782967 2.442002 17.312418
3.443681 42.997558 840.769231 2.442002 17.313807
3.443681 42.997558 840.769231 2.442002 17.315196
3.443681 42.997558 840.769231 2.442002 17.316585
3.443681 42.997558 840.769231 2.442002 17.317974
3.443681 42.997558 840.769231 2.442002 17.319363
3.443681 42.997558 840.769231 2.442002 17.320752
3.443681 42.997558 840.769231 2.442002 17.322140
3.443681 42.997558 840.769231 2.442002 17.323529
3.443681 42.997558 840.769231 2.442002 17.324918
3.443681 42.997558 840.769231 2.442002 17.326307
3.443681 42.997558 840.769231 2.442002 17.327696
3.443681 42.997558 840.769231 2.442002 17.329085
3.467186 42.832723 840.769231 2.442002 17.330474
3.467186 42.832723 840.769231 2.442002 17.331863
3.467186 42.832723 840.769231 2.442002 17.333252
3.467186 42.832723 840.769231 2.442002 17.334640
3.467186 42.832723 840.769231 2.442002 17.336029
3.467186 42.832723 840.769231 2.442002 17.337418
3.467186 42.832723 840.769231 2.442002 17.338807
3.467186 42.832723 840.769231 2.442002 17.340196
3.467186 42.832723 840.769231 2.442002 17.341585
3.467186 42.832723 840.769231 2.442002 17.342974
3.467186 42.832723 840.769231 2.442002 17.344363
3.467186 42.832723 840.769231 2.442002 17.345752
3.509158 42.654151 840.741758 2.442002 17.347140
3.509158 42.654151 840.741758 2.442002 17.348529
3.509158 42.654151 840.741758 2.442002 17.349918
3.509158 42.654151 840.741758 2.442002 17.351307
3.509158 42.654151 840.741758 2.442002 17.352696
3.509158 42.654151 840.741758 2.442002 17.354085
3.509158 42.654151 840.741758 2.442002 17.355474
3.509158 42.654151 840.741758 2.442002 17.356863
3.509158 42.654151 840.741758 2.442002 17.358252
3.509158 42.654151 840.741758 2.442002 17.359640
3.509158 42.654151 840.741758 2.442002 17.361029
3.509158 42.654151 840.741758 2.442002 17.362418
3.557845 42.463370 840.728022 2.442002 17.363807
3.557845 42.463370 840.728022 2.442002 17.365196
3.557845 42.463370 840.728022 2.442002 17.366585
3.557845 42.463370 840.728022 2.442002 17.367974
3.557845 42.463370 840.728022 2.442002 17.369363
3.557845 42.463370 840.728022 2.442002 17.370752
3.557845 42.463370 840.728022 2.442002 17.372140
3.557845 42.463370 840.728022 2.442002 17.373529
3.557845 42.463370 840.728022 2.442002 17.374918
3.557845 42.463370 840.728022 2.442002 17.376307
3.557845 42.463370 840.728022 2.442002 17.377696
3.557845 42.463370 840.728022 2.442002 17.379085
3.614927 42.187118 840.728022 2.442002 17.380474
3.614927 42.187118 840.728022 2.442002 17.381863
3.614927 42.187118 840.728022 2.442002 17.383252
3.614927 42.187118 840.728022 2.442002 17.384640
3.614927 42.187118 840.728022 2.442002 17.386029
3.614927 42.187118 840.728022 2.442002 17.387418
3.614927 42.187118 840.728022 2.442002 17.388807
3.614927 42.187118 840.728022 2.442002 17.390196
3.614927 42.187118 840.728022 2.442002 17.391585
3.614927 42.187118 840.728022 2.442002 17.392974
3.614927 42.187118 840.728022 2.442002 17.394363
3.614927 42.187118 840.728022 2.442002 17.395752
3.665293 41.875763 840.714286 2.426740 17.397140
3.665293 41.875763 840.714286 2.426740 17.398529
3.665293 41.875763 840.714286 2.426740 17.399918
3.665293 41.875763 840.714286 2.426740 17.401307
3.665293 41.875763 840.714286 2.426740 17.402696
3.665293 41.875763 840.714286 2.426740 17.404085
3.665293 41.875763 840.714286 2.426740 17.405474
3.665293 41.875763 840.714286 2.426740 17.406863
3.665293 41.875763 840.714286 2.426740 17.408252
3.665293 41.875763 840.714286 2.426740 17.409640
3.665293 41.875763 840.714286 2.426740 17.411029
3.665293 41.875763 840.714286 2.426740 17.412418
3.715659 41.581197 840.700549 2.426740 17.413807
3.715659 41.581197 840.700549 2.426740 17.415196
3.715659 41.581197 840.700549 2.426740 17.416585
3.715659 41.581197 840.700549 2.426740 17.417974
3.715659 41.581197 840.700549 2.426740 17.419363
3.715659 41.581197 840.700549 2.426740 17.420752
3.715659 41.581197 840.700549 2.426740 17.422140
3.715659 41.581197 840.700549 2.426740 17.423529
3.715659 41.581197 840.700549 2.426740 17.424918
3.715659 41.581197 840.700549 2.426740 17.426307
3.715659 41.581197 840.700549 2.426740 17.427696
3.715659 41.581197 840.700549 2.426740 17.429085
3.772741 41.353785 840.700549 2.426740 17.430474
3.772741 41.353785 840.700549 2.426740 17.431863
3.772741 41.353785 840.700549 2.426740 17.433252
3.772741 41.353785 840.700549 2.426740 17.434640
3.772741 41.353785 840.700549 2.426740 17.436029
3.772741 41.353785 840.700549 2.426740 17.437418
3.772741 41.353785 840.700549 2.426740 17.438807
3.772741 41.353785 840.700549 2.426740 17.440196
3.772741 41.353785 840.700549 2.426740 17.441585
3.772741 41.353785 840.700549 2.426740 17.442974
3.772741 41.353785 840.700549 2.426740 17.444363
3.772741 41.353785 840.700549 2.426740 17.445752
3.829823 41.085165 840.700549 2.426740 17.447140
3.829823 41.085165 840.700549 2.426740 17.448529
3.829823 41.085165 840.700549 2.426740 17.449918
3.829823 41.085165 840.700549 2.426740 17.451307
3.829823 41.085165 840.700549 2.426740 17.452696
3.829823 41.085165 840.700549 2.426740 17.454085
3.829823 41.085165 840.700549 2.426740 17.455474
3.829823 41.085165 840.700549 2.426740 17.456863
3.829823 41.085165 840.700549 2.426740 17.458252
3.829823 41.085165 840.700549 2.426740 17.459640
3.829823 41.085165 840.700549 2.426740 17.461029
3.829823 41.085165 840.700549 2.426740 17.462418
3.891941 40.897436 840.714286 2.426740 17.463807
3.891941 40.897436 840.714286 2.426740 17.465196
3.891941 40.897436 840.714286 2.426740 17.466585
3.891941 40.897436 840.714286 2.426740 17.467974
3.891941 40.897436 840.714286 2.426740 17.469363
3.891941 40.897436 840.714286 2.426740 17.470752
3.891941 40.897436 840.714286 2.426740 17.472140
3.891941 40.897436 840.714286 2.426740 17.473529
3.891941 40.897436 840.714286 2.426740 17.474918
3.891941 40.897436 840.714286 2.426740 17.476307
3.891941 40.897436 840.714286 2.426740 17.477696
3.891941 40.897436 840.714286 2.426740 17.479085
3.957418 40.752442 840.714286 2.426740 17.480474
3.957418 40.752442 840.714286 2.426740 17.481863
3.957418 40.752442 840.714286 2.426740 17.483252
3.957418 40.752442 840.714286 2.426740 17.484640
3.957418 40.752442 840.714286 2.426740 17.486029
3.957418 40.752442 840.714286 2.426740 17.487418
3.957418 40.752442 840.714286 2.426740 17.488807
3.957418 40.752442 840.714286 2.426740 17.490196
3.957418 40.752442 840.714286 2.426740 17.491585
3.957418 40.752442 840.714286 2.426740 17.492974
3.957418 40.752442 840.714286 2.426740 17.494363
3.957418 40.752442 840.714286 2.426740 17.495752
4.026252 40.625763 840.686813 2.426740 17.497140
4.026252 40.625763 840.686813 2.426740 17.498529
4.026252 40.625763 840.686813 2.426740 17.499918
4.026252 40.625763 840.686813 2.426740 17.501307
4.026252 40.625763 840.686813 2.426740 17.502696
4.026252 40.625763 840.686813 2.426740 17.504085
4.026252 40.625763 840.686813 2.426740 17.505474
4.026252 40.625763 840.686813 2.426740 17.506863
4.026252 40.625763 840.686813 2.426740 17.508252
4.026252 40.625763 840.686813 2.426740 17.509640
4.026252 40.625763 840.686813 2.426740 17.511029
4.026252 40.625763 840.686813 2.426740 17.512418
4.083333 40.473138 840.686813 2.426740 17.513807
4.083333 40.473138 840.686813 2.426740 17.515196
4.083333 40.473138 840.686813 2.426740 17.516585
4.083333 40.473138 840.686813 2.426740 17.517974
4.083333 40.473138 840.686813 2.426740 17.519363
4.083333 40.473138 840.686813 2.426740 17.520752
4.083333 40.473138 840.686813 2.426740 17.522140
4.083333 40.473138 840.686813 2.426740 17.523529
4.083333 40.473138 840.686813 2.426740 17.524918
4.083333 40.473138 840.686813 2.426740 17.526307
4.083333 40.473138 840.686813 2.426740 17.527696
4.083333 40.473138 840.686813 2.426740 17.529085
4.133700 40.360195 840.686813 2.426740 17.530474
4.133700 40.360195 840.686813 2.426740 17.531863
4.133700 40.360195 840.686813 2.426740 17.533252
4.133700 40.360195 840.686813 2.426740 17.534640
4.133700 40.360195 840.686813 2.426740 17.536029
4.133700 40.360195 840.686813 2.426740 17.537418
4.133700 40.360195 840.686813 2.426740 17.538807
4.133700 40.360195 840.686813 2.426740 17.540196
4.133700 40.360195 840.686813 2.426740 17.541585
4.133700 40.360195 840.686813 2.426740 17.542974
4.133700 40.360195 840.686813 2.426740 17.544363
4.133700 40.360195 840.686813 2.426740 17.545752
4.184066 40.286935 840.686813 2.426740 17.547140
4.184066 40.286935 840.686813 2.426740 17.548529
4.184066 40.286935 840.686813 2.426740 17.549918
4.184066 40.286935 840.686813 2.426740 17.551307
4.184066 40.286935 840.686813 2.426740 17.552696
4.184066 40.286935 840.686813 2.426740 17.554085
4.184066 40.286935 840.686813 2.426740 17.555474
4.184066 40.286935 840.686813 2.426740 17.556863
4.184066 40.286935 840.686813 2.426740 17.558252
4.184066 40.286935 840.686813 2.426740 17.559640
4.184066 40.286935 840.686813 2.426740 17.561029
4.184066 40.286935 840.686813 2.426740 17.562418
4.224359 40.329670 840.700549 2.426740 17.563807
4.224359 40.329670 840.700549 2.426740 17.565196
4.224359 40.329670 840.700549 2.426740 17.566585
4.224359 40.329670 840.700549 2.426740 17.567974
4.224359 40.329670 840.700549 2.426740 17.569363
4.224359 40.329670 840.700549 2.426740 17.570752
4.224359 40.329670 840.700549 2.426740 17.572140
4.224359 40.329670 840.700549 2.426740 17.573529
4.224359 40.329670 840.700549 2.426740 17.574918
4.224359 40.329670 840.700549 2.426740 17.576307
4.224359 40.329670 840.700549 2.426740 17.577696
4.224359 40.329670 840.700549 2.426740 17.579085
4.257937 40.384615 840.714286 2.426740 17.580474
4.257937 40.384615 840.714286 2.426740 17.581863
4.257937 40.384615 840.714286 2.426740 17.583252
4.257937 40.384615 840.714286 2.426740 17.584640
4.257937 40.384615 840.714286 2.426740 17.586029
4.257937 40.384615 840.714286 2.426740 17.587418
4.257937 40.384615 840.714286 2.426740 17.588807
4.257937 40.384615 840.714286 2.426740 17.590196
4.257937 40.384615 840.714286 2.426740 17.591585
4.257937 40.384615 840.714286 2.426740 17.592974
4.257937 40.384615 840.714286 2.426740 17.594363
4.257937 40.384615 840.714286 2.426740 17.595752
4.281441 40.462454 840.714286 2.426740 17.597140
4.281441 40.462454 840.714286 2.426740 17.598529
4.281441 40.462454 840.714286 2.426740 17.599918
4.281441 40.462454 840.714286 2.426740 17.601307
4.281441 40.462454 840.714286 2.426740 17.602696
4.281441 40.462454 840.714286 2.426740 17.604085
4.281441 40.462454 840.714286 2.426740 17.605474
4.281441 40.462454 840.714286 2.426740 17.606863
4.281441 40.462454 840.714286 2.426740 17.608252
4.281441 40.462454 840.714286 2.426740 17.609640
4.281441 40.462454 840.714286 2.426740 17.611029
4.281441 40.462454 840.714286 2.426740 17.612418
4.306624 40.633394 840.714286 2.442002 17.613807
4.306624 40.633394 840.714286 2.442002 17.615196
4.306624 40.633394 840.714286 2.442002 17.616585
4.306624 40.633394 840.714286 2.442002 17.617974
4.306624 40.633394 840.714286 2.442002 17.619363
4.306624 40.633394 840.714286 2.442002 17.620752
4.306624 40.633394 840.714286 2.442002 17.622140
4.306624 40.633394 840.714286 2.442002 17.623529
4.306624 40.633394 840.714286 2.442002 17.624918
4.306624 40.633394 840.714286 2.442002 17.626307
4.306624 40.633394 840.714286 2.442002 17.627696
4.306624 40.633394 840.714286 2.442002 17.629085
4.331807 40.779915 840.714286 2.472527 17.630474
4.331807 40.779915 840.714286 2.472527 17.631863
4.331807 40.779915 840.714286 2.472527 17.633252
4.331807 40.779915 840.714286 2.472527 17.634640
4.331807 40.779915 840.714286 2.472527 17.636029
4.331807 40.779915 840.714286 2.472527 17.637418
4.331807 40.779915 840.714286 2.472527 17.638807
4.331807 40.779915 840.714286 2.472527 17.640196
4.331807 40.779915 840.714286 2.472527 17.641592
4.331807 40.779915 840.714286 2.472527 17.642981
4.331807 40.779915 840.714286 2.472527 17.644370
4.331807 40.779915 840.714286 2.472527 17.645759
4.346917 40.937118 840.714286 2.487790 17.647148
4.346917 40.937118 840.714286 2.487790 17.648537
4.346917 40.937118 840.714286 2.487790 17.649925
4.346917 40.937118 840.714286 2.487790 17.651314
4.346917 40.937118 840.714286 2.487790 17.652703
4.346917 40.937118 840.714286 2.487790 17.654093
4.346917 40.937118 840.714286 2.487790 17.655482
4.346917 40.937118 840.714286 2.487790 17.656870
4.346917 40.937118 840.714286 2.487790 17.658259
4.346917 40.937118 840.714286 2.487790 17.659648
4.346917 40.937118 840.714286 2.487790 17.661037
4.346917 40.937118 840.714286 2.487790 17.662426
4.351954 41.016484 840.714286 2.487790 17.663815
4.351954 41.016484 840.714286 2.487790 17.665204
4.351954 41.016484 840.714286 2.487790 17.666593
4.351954 41.016484 840.714286 2.487790 17.667982
4.351954 41.016484 840.714286 2.487790 17.669370
4.351954 41.016484 840.714286 2.487790 17.670759
4.351954 41.016484 840.714286 2.487790 17.672148
4.351954 41.016484 840.714286 2.487790 17.673537
4.351954 41.016484 840.714286 2.487790 17.674926
4.351954 41.016484 840.714286 2.487790 17.676315
4.351954 41.016484 840.714286 2.487790 17.677704
4.351954 41.016484 840.714286 2.487790 17.679093
4.343559 41.152320 840.700549 2.487790 17.680482
4.343559 41.152320 840.700549 2.487790 17.681870
4.343559 41.152320 840.700549 2.487790 17.683259
4.343559 41.152320 840.700549 2.487790 17.684648
4.343559 41.152320 840.700549 2.487790 17.686037
4.343559 41.152320 840.700549 2.487790 17.687426
4.343559 41.152320 840.700549 2.487790 17.688815
4.343559 41.152320 840.700549 2.487790 17.690204
4.343559 41.152320 840.700549 2.487790 17.691593
4.343559 41.152320 840.700549 2.487790 17.692982
4.343559 41.152320 840.700549 2.487790 17.694370
4.343559 41.152320 840.700549 2.487790 17.695759
4.341880 41.300366 840.700549 2.487790 17.697148
4.341880 41.300366 840.700549 2.487790 17.698537
4.341880 41.300366 840.700549 2.487790 17.699926
4.341880 41.300366 840.700549 2.487790 17.701315
4.341880 41.300366 840.700549 2.487790 17.702704
4.341880 41.300366 840.700549 2.487790 17.704093
4.341880 41.300366 840.700549 2.487790 17.705482
4.341880 41.300366 840.700549 2.487790 17.706870
4.341880 41.300366 840.700549 2.487790 17.708259
4.341880 41.300366 840.700549 2.487790 17.709648
4.341880 41.300366 840.700549 2.487790 17.711037
4.341880 41.300366 840.700549 2.487790 17.712426
4.340201 41.459096 840.700549 2.518315 17.713815
4.340201 41.459096 840.700549 2.518315 17.715204
4.340201 41.459096 840.700549 2.518315 17.716593
4.340201 41.459096 840.700549 2.518315 17.717982
4.340201 41.459096 840.700549 2.518315 17.719370
4.340201 41.459096 840.700549 2.518315 17.720759
4.340201 41.459096 840.700549 2.518315 17.722148
4.340201 41.459096 840.700549 2.518315 17.723537
4.340201 41.459096 840.700549 2.518315 17.724926
4.340201 41.459096 840.700549 2.518315 17.726315
4.340201 41.459096 840.700549 2.518315 17.727704
4.340201 41.459096 840.700549 2.518315 17.729093
4.343559 41.536935 840.700549 2.533578 17.730482
4.343559 41.536935 840.700549 2.533578 17.731870
4.343559 41.536935 840.700549 2.533578 17.733259
4.343559 41.536935 840.700549 2.533578 17.734648
4.343559 41.536935 840.700549 2.533578 17.736037
4.343559 41.536935 840.700549 2.533578 17.737426
4.343559 41.536935 840.700549 2.533578 17.738815
4.343559 41.536935 840.700549 2.533578 17.740204
4.343559 41.536935 840.700549 2.533578 17.741593
4.343559 41.536935 840.700549 2.533578 17.742982
4.343559 41.536935 840.700549 2.533578 17.744370
4.343559 41.536935 840.700549 2.533578 17.745759
4.340201 41.596459 840.700549 2.533578 17.747148
4.340201 41.596459 840.700549 2.533578 17.748537
4.340201 41.596459 840.700549 2.533578 17.749926
4.340201 41.596459 840.700549 2.533578 17.751315
4.340201 41.596459 840.700549 2.533578 17.752704
4.340201 41.596459 840.700549 2.533578 17.754093
4.340201 41.596459 840.700549 2.533578 17.755482
4.340201 41.596459 840.700549 2.533578 17.756870
4.340201 41.596459 840.700549 2.533578 17.758259
4.340201 41.596459 840.700549 2.533578 17.759648
4.340201 41.596459 840.700549 2.533578 17.761037
4.340201 41.596459 840.686813 2.533578 17.762426
4.340201 41.721612 840.686813 2.564103 17.763815
4.340201 41.721612 840.686813 2.564103 17.765204
4.340201 41.721612 840.686813 2.564103 17.766593
4.340201 41.721612 840.686813 2.564103 17.767982
4.340201 41.721612 840.686813 2.564103 17.769370
4.340201 41.721612 840.686813 2.564103 17.770759
4.340201 41.721612 840.686813 2.564103 17.772148
4.340201 41.721612 840.686813 2.564103 17.773537
4.340201 41.721612 840.686813 2.564103 17.774926
4.340201 41.721612 840.686813 2.564103 17.776315
4.340201 41.721612 840.686813 2.564103 17.777704
4.340201 41.721612 840.686813 2.564103 17.779093
4.348596 41.782662 840.686813 2.564103 17.780482
4.348596 41.782662 840.686813 2.564103 17.781870
4.348596 41.782662 840.686813 2.564103 17.783259
4.348596 41.782662 840.686813 2.564103 17.784648
4.348596 41.782662 840.686813 2.564103 17.786037
4.348596 41.782662 840.686813 2.564103 17.787426
4.348596 41.782662 840.686813 2.564103 17.788815
4.348596 41.782662 840.686813 2.564103 17.790204
4.348596 41.782662 840.686813 2.564103 17.791593
4.348596 41.782662 840.686813 2.564103 17.792985
4.348596 41.782662 840.686813 2.564103 17.794374
4.348596 41.782662 840.686813 2.564103 17.795763
4.355311 41.804029 840.686813 2.564103 17.797152
4.355311 41.804029 840.686813 2.564103 17.798541
4.355311 41.804029 840.686813 2.564103 17.799930
4.355311 41.804029 840.686813 2.564103 17.801319
4.355311 41.804029 840.686813 2.564103 17.802708
4.355311 41.804029 840.686813 2.564103 17.804097
4.355311 41.804029 840.686813 2.564103 17.805485
4.355311 41.804029 840.686813 2.564103 17.806874
4.355311 41.804029 840.686813 2.564103 17.808263
4.355311 41.804029 840.686813 2.564103 17.809652
4.355311 41.804029 840.686813 2.564103 17.811041
4.355311 41.804029 840.673077 2.564103 17.812430
4.363706 41.822344 840.673077 2.564103 17.813819
4.363706 41.822344 840.673077 2.564103 17.815208
4.363706 41.822344 840.673077 2.564103 17.816597
4.363706 41.822344 840.673077 2.564103 17.817986
4.363706 41.822344 840.673077 2.564103 17.819375
4.363706 41.822344 840.673077 2.564103 17.820763
4.363706 41.822344 840.673077 2.564103 17.822152
4.363706 41.822344 840.673077 2.564103 17.823541
4.363706 41.822344 840.673077 2.564103 17.824930
4.363706 41.822344 840.673077 2.564103 17.826319
4.363706 41.822344 840.673077 2.564103 17.827708
4.363706 41.822344 840.686813 2.564103 17.829097
4.380495 41.849817 840.686813 2.564103 17.830486
4.380495 41.849817 840.686813 2.564103 17.831875
4.380495 41.849817 840.686813 2.564103 17.833264
4.380495 41.849817 840.686813 2.564103 17.834652
4.380495 41.849817 840.686813 2.564103 17.836041
4.380495 41.849817 840.686813 2.564103 17.837430
4.380495 41.849817 840.686813 2.564103 17.838819
4.380495 41.849817 840.686813 2.564103 17.840208
4.380495 41.849817 840.686813 2.564103 17.841597
4.380495 41.849817 840.686813 2.564103 17.842986
4.380495 41.849817 840.686813 2.564103 17.844375
4.380495 41.849817 840.700549 2.564103 17.845764
4.412393 41.880342 840.700549 2.564103 17.847152
4.412393 41.880342 840.700549 2.564103 17.848541
4.412393 41.880342 840.700549 2.564103 17.849930
4.412393 41.880342 840.700549 2.564103 17.851319
4.412393 41.880342 840.700549 2.564103 17.852708
4.412393 41.880342 840.700549 2.564103 17.854097
4.412393 41.880342 840.700549 2.564103 17.855486
4.412393 41.880342 840.700549 2.564103 17.856875
4.412393 41.880342 840.700549 2.564103 17.858264
4.412393 41.880342 840.700549 2.564103 17.859652
4.412393 41.880342 840.700549 2.564103 17.861041
4.412393 41.880342 840.700549 2.564103 17.862430
4.444292 41.887973 840.700549 2.564103 17.863819
4.444292 41.887973 840.700549 2.564103 17.865208
4.444292 41.887973 840.700549 2.564103 17.866597
4.444292 41.887973 840.700549 2.564103 17.867986
4.444292 41.887973 840.700549 2.564103 17.869375
4.444292 41.887973 840.700549 2.564103 17.870763
4.444292 41.887973 840.700549 2.564103 17.872152
4.444292 41.887973 840.700549 2.564103 17.873541
4.444292 41.887973 840.700549 2.564103 17.874930
4.444292 41.887973 840.700549 2.564103 17.876319
4.444292 41.887973 840.700549 2.564103 17.877708
4.444292 41.887973 840.673077 2.564103 17.879097
4.477869 41.860501 840.673077 2.564103 17.880486
4.477869 41.860501 840.673077 2.564103 17.881875
4.477869 41.860501 840.673077 2.564103 17.883264
4.477869 41.860501 840.673077 2.564103 17.884652
4.477869 41.860501 840.673077 2.564103 17.886041
4.477869 41.860501 840.673077 2.564103 17.887430
4.477869 41.860501 840.673077 2.564103 17.888819
4.477869 41.860501 840.673077 2.564103 17.890208
4.477869 41.860501 840.673077 2.564103 17.891597
4.477869 41.860501 840.673077 2.564103 17.892986
4.477869 41.860501 840.673077 2.564103 17.894375
4.477869 41.860501 840.659341 2.564103 17.895764
4.516484 41.839133 840.659341 2.564103 17.897152
4.516484 41.839133 840.659341 2.564103 17.898541
4.516484 41.839133 840.659341 2.564103 17.899930
4.516484 41.839133 840.659341 2.564103 17.901319
4.516484 41.839133 840.659341 2.564103 17.902708
4.516484 41.839133 840.659341 2.564103 17.904097
4.516484 41.839133 840.659341 2.564103 17.905486
4.516484 41.839133 840.659341 2.564103 17.906875
4.516484 41.839133 840.659341 2.564103 17.908264
4.516484 41.839133 840.659341 2.564103 17.909652
4.516484 41.839133 840.659341 2.564103 17.911041
4.516484 41.839133 840.645604 2.564103 17.912430
4.560134 41.800977 840.645604 2.609890 17.913819
4.560134 41.800977 840.645604 2.609890 17.915208
4.560134 41.800977 840.645604 2.609890 17.916597
4.560134 41.800977 840.645604 2.609890 17.917986
4.560134 41.800977 840.645604 2.609890 17.919375
4.560134 41.800977 840.645604 2.609890 17.920764
4.560134 41.800977 840.645604 2.609890 17.922157
4.560134 41.800977 840.645604 2.609890 17.923546
4.560134 41.800977 840.645604 2.609890 17.924935
4.560134 41.800977 840.645604 2.609890 17.926323
4.560134 41.800977 840.645604 2.609890 17.927712
4.560134 41.800977 840.631868 2.609890 17.929101
4.610501 41.683455 840.631868 2.609890 17.930490
4.610501 41.683455 840.631868 2.609890 17.931879
4.610501 41.683455 840.631868 2.609890 17.933268
4.610501 41.683455 840.631868 2.609890 17.934657
4.610501 41.683455 840.631868 2.609890 17.936046
4.610501 41.683455 840.631868 2.609890 17.937435
4.610501 41.683455 840.631868 2.609890 17.938823
4.610501 41.683455 840.631868 2.609890 17.940212
4.610501 41.683455 840.631868 2.609890 17.941601
4.610501 41.683455 840.631868 2.609890 17.942990
4.610501 41.683455 840.631868 2.609890 17.944379
4.610501 41.683455 840.618132 2.609890 17.945768
4.650794 41.561355 840.618132 2.609890 17.947157
4.650794 41.561355 840.618132 2.609890 17.948546
4.650794 41.561355 840.618132 2.609890 17.949935
4.650794 41.561355 840.618132 2.609890 17.951323
4.650794 41.561355 840.618132 2.609890 17.952712
4.650794 41.561355 840.618132 2.609890 17.954101
4.650794 41.561355 840.618132 2.609890 17.955490
4.650794 41.561355 840.618132 2.609890 17.956879
4.650794 41.561355 840.618132 2.609890 17.958268
4.650794 41.561355 840.618132 2.609890 17.959657
4.650794 41.561355 840.618132 2.609890 17.961180
4.692766 41.420940 840.618132 2.594628 17.962568
4.692766 41.420940 840.618132 2.594628 17.963957
4.692766 41.420940 840.618132 2.594628 17.965346
4.692766 41.420940 840.618132 2.594628 17.966735
4.692766 41.420940 840.618132 2.594628 17.968124
4.692766 41.420940 840.618132 2.594628 17.969513
4.692766 41.420940 840.618132 2.594628 17.970902
4.692766 41.420940 840.618132 2.594628 17.972291
4.692766 41.420940 840.618132 2.594628 17.973680
4.692766 41.420940 840.618132 2.594628 17.975068
4.692766 41.420940 840.618132 2.594628 17.976457
4.692766 41.420940 840.618132 2.594628 17.977846
4.734737 41.231685 840.604396 2.579365 17.979235
4.734737 41.231685 840.604396 2.579365 17.980624
4.734737 41.231685 840.604396 2.579365 17.982013
4.734737 41.231685 840.604396 2.579365 17.983402
4.734737 41.231685 840.604396 2.579365 17.984791
4.734737 41.231685 840.604396 2.579365 17.986180
4.734737 41.231685 840.604396 2.579365 17.987569
4.734737 41.231685 840.604396 2.579365 17.988957
4.734737 41.231685 840.604396 2.579365 17.990346
4.734737 41.231685 840.604396 2.579365 17.991735
4.734737 41.231685 840.604396 2.579365 17.993124
4.734737 41.231685 840.604396 2.579365 17.994513
4.768315 41.063797 840.590659 2.579365 17.995902
4.768315 41.063797 840.590659 2.579365 17.997291
4.768315 41.063797 840.590659 2.579365 17.998680
4.768315 41.063797 840.590659 2.579365 18.000069
4.768315 41.063797 840.590659 2.579365 18.001458
4.768315 41.063797 840.590659 2.579365 18.002847
4.768315 41.063797 840.590659 2.579365 18.004236
4.768315 41.063797 840.590659 2.579365 18.005625
4.768315 41.063797 840.590659 2.579365 18.007013
4.768315 41.063797 840.590659 2.579365 18.008402
4.768315 41.063797 840.590659 2.579365 18.009791
4.768315 41.063797 840.590659 2.579365 18.011180
4.801893 40.850122 840.576923 2.564103 18.012573
4.801893 40.850122 840.576923 2.564103 18.013962
4.801893 40.850122 840.576923 2.564103 18.015351
4.801893 40.850122 840.576923 2.564103 18.016740
4.801893 40.850122 840.576923 2.564103 18.018128
4.801893 40.850122 840.576923 2.564103 18.019517
4.801893 40.850122 840.576923 2.564103 18.020906
4.801893 40.850122 840.576923 2.564103 18.022296
4.801893 40.850122 840.576923 2.564103 18.023685
4.801893 40.850122 840.576923 2.564103 18.025073
4.801893 40.850122 840.576923 2.564103 18.026462
4.801893 40.850122 840.576923 2.564103 18.027851
4.828755 40.674603 840.576923 2.564103 18.029240
4.828755 40.674603 840.576923 2.564103 18.030629
4.828755 40.674603 840.576923 2.564103 18.032018
4.828755 40.674603 840.576923 2.564103 18.033407
4.828755 40.674603 840.576923 2.564103 18.034796
4.828755 40.674603 840.576923 2.564103 18.036185
4.828755 40.674603 840.576923 2.564103 18.037573
4.828755 40.674603 840.576923 2.564103 18.038962
4.828755 40.674603 840.576923 2.564103 18.040351
4.828755 40.674603 840.576923 2.564103 18.041740
4.828755 40.674603 840.576923 2.564103 18.043129
4.828755 40.674603 840.576923 2.564103 18.044518
4.843864 40.599817 840.590659 2.564103 18.045907
4.843864 40.599817 840.590659 2.564103 18.047296
4.843864 40.599817 840.590659 2.564103 18.048685
4.843864 40.599817 840.590659 2.564103 18.050073
4.843864 40.599817 840.590659 2.564103 18.051462
4.843864 40.599817 840.590659 2.564103 18.052851
4.843864 40.599817 840.590659 2.564103 18.054240
4.843864 40.599817 840.590659 2.564103 18.055629
4.843864 40.599817 840.590659 2.564103 18.057018
4.843864 40.599817 840.590659 2.564103 18.058407
4.843864 40.599817 840.590659 2.564103 18.059796
4.843864 40.599817 840.590659 2.564103 18.061185
4.852259 40.549451 840.576923 2.564103 18.062573
4.852259 40.549451 840.576923 2.564103 18.063962
4.852259 40.549451 840.576923 2.564103 18.065351
4.852259 40.549451 840.576923 2.564103 18.066740
4.852259 40.549451 840.576923 2.564103 18.068129
4.852259 40.549451 840.576923 2.564103 18.069518
4.852259 40.549451 840.576923 2.564103 18.070907
4.852259 40.549451 840.576923 2.564103 18.072296
4.852259 40.549451 840.576923 2.564103 18.073685
4.852259 40.549451 840.576923 2.564103 18.075073
4.852259 40.549451 840.576923 2.564103 18.076462
4.852259 40.549451 840.576923 2.564103 18.077851
4.860653 40.482295 840.590659 2.564103 18.079240
4.860653 40.482295 840.590659 2.564103 18.080629
4.860653 40.482295 840.590659 2.564103 18.082018
4.860653 40.482295 840.590659 2.564103 18.083407
4.860653 40.482295 840.590659 2.564103 18.084796
4.860653 40.482295 840.590659 2.564103 18.086185
4.860653 40.482295 840.590659 2.564103 18.087573
4.860653 40.482295 840.590659 2.564103 18.088963
4.860653 40.482295 840.590659 2.564103 18.090352
4.860653 40.482295 840.590659 2.564103 18.091740
4.860653 40.482295 840.590659 2.564103 18.093129
4.860653 40.482295 840.590659 2.564103 18.094518
4.870726 40.357143 840.590659 2.564103 18.095907
4.870726 40.357143 840.590659 2.564103 18.097296
4.870726 40.357143 840.590659 2.564103 18.098685
4.870726 40.357143 840.590659 2.564103 18.100074
4.870726 40.357143 840.590659 2.564103 18.101463
4.870726 40.357143 840.590659 2.564103 18.102852
4.870726 40.357143 840.590659 2.564103 18.104240
4.870726 40.357143 840.590659 2.564103 18.105630
4.870726 40.357143 840.590659 2.564103 18.107019
4.870726 40.357143 840.590659 2.564103 18.108407
4.870726 40.357143 840.590659 2.564103 18.109796
4.870726 40.357143 840.590659 2.564103 18.111185
4.887515 40.245726 840.590659 2.564103 18.112574
4.887515 40.245726 840.590659 2.564103 18.113963
4.887515 40.245726 840.590659 2.564103 18.115352
4.887515 40.245726 840.590659 2.564103 18.116741
4.887515 40.245726 840.590659 2.564103 18.118135
4.887515 40.245726 840.590659 2.564103 18.119519
4.887515 40.245726 840.590659 2.564103 18.120917
4.887515 40.245726 840.590659 2.564103 18.122296
4.887515 40.245726 840.590659 2.564103 18.123685
4.887515 40.245726 840.590659 2.564103 18.125074
4.887515 40.245726 840.590659 2.564103 18.126463
4.887515 40.245726 840.590659 2.564103 18.127852
4.904304 40.204518 840.563187 2.564103 18.129241
4.904304 40.204518 840.563187 2.564103 18.130630
4.904304 40.204518 840.563187 2.564103 18.132019
4.904304 40.204518 840.563187 2.564103 18.133407
4.904304 40.204518 840.563187 2.564103 18.134796
4.904304 40.204518 840.563187 2.564103 18.136185
4.904304 40.204518 840.563187 2.564103 18.137574
4.904304 40.204518 840.563187 2.564103 18.138963
4.904304 40.204518 840.563187 2.564103 18.140352
4.904304 40.204518 840.563187 2.564103 18.141741
4.904304 40.204518 840.563187 2.564103 18.143130
4.904304 40.204518 840.563187 2.564103 18.144519
4.936203 40.169414 840.549451 2.564103 18.145907
4.936203 40.169414 840.549451 2.564103 18.147296
4.936203 40.169414 840.549451 2.564103 18.148685
4.936203 40.169414 840.549451 2.564103 18.150074
4.936203 40.169414 840.549451 2.564103 18.151463
4.936203 40.169414 840.549451 2.564103 18.152852
4.936203 40.169414 840.549451 2.564103 18.154241
4.936203 40.169414 840.549451 2.564103 18.155630
4.936203 40.169414 840.549451 2.564103 18.157018
4.936203 40.169414 840.549451 2.564103 18.158407
4.936203 40.169414 840.549451 2.564103 18.159796
4.936203 40.169414 840.549451 2.564103 18.161185
4.968101 40.164835 840.549451 2.564103 18.162577
4.968101 40.164835 840.549451 2.564103 18.163967
4.968101 40.164835 840.549451 2.564103 18.165356
4.968101 40.164835 840.549451 2.564103 18.166745
4.968101 40.164835 840.549451 2.564103 18.168134
4.968101 40.164835 840.549451 2.564103 18.169523
4.968101 40.164835 840.549451 2.564103 18.170912
4.968101 40.164835 840.549451 2.564103 18.172300
4.968101 40.164835 840.549451 2.564103 18.173689
4.968101 40.164835 840.549451 2.564103 18.175078
4.968101 40.164835 840.549451 2.564103 18.176467
4.968101 40.164835 840.549451 2.564103 18.177856
4.994963 40.270147 840.549451 2.564103 18.179245
4.994963 40.270147 840.549451 2.564103 18.180634
4.994963 40.270147 840.549451 2.564103 18.182023
4.994963 40.270147 840.549451 2.564103 18.183412
4.994963 40.270147 840.549451 2.564103 18.184800
4.994963 40.270147 840.549451 2.564103 18.186189
4.994963 40.270147 840.549451 2.564103 18.187578
4.994963 40.270147 840.549451 2.564103 18.188967
4.994963 40.270147 840.549451 2.564103 18.190356
4.994963 40.270147 840.549451 2.564103 18.191745
4.994963 40.270147 840.549451 2.564103 18.193134
4.994963 40.270147 840.549451 2.564103 18.194523
5.011752 40.485348 840.535714 2.564103 18.195920
5.011752 40.485348 840.535714 2.564103 18.197309
5.011752 40.485348 840.535714 2.564103 18.198698
5.011752 40.485348 840.535714 2.564103 18.200087
5.011752 40.485348 840.535714 2.564103 18.201476
5.011752 40.485348 840.535714 2.564103 18.202865
5.011752 40.485348 840.535714 2.564103 18.204254
5.011752 40.485348 840.535714 2.564103 18.205643
5.011752 40.485348 840.535714 2.564103 18.207032
5.011752 40.485348 840.535714 2.564103 18.208426
5.011752 40.485348 840.535714 2.564103 18.209815
5.011752 40.485348 840.535714 2.564103 18.211204
5.011752 40.670024 840.521978 2.564103 18.212593
5.011752 40.670024 840.521978 2.564103 18.213982
5.011752 40.670024 840.521978 2.564103 18.215371
5.011752 40.670024 840.521978 2.564103 18.216760
5.011752 40.670024 840.521978 2.564103 18.218148
5.011752 40.670024 840.521978 2.564103 18.219537
5.011752 40.670024 840.521978 2.564103 18.220926
