2.100580 66.114164 834.560440 3.464591 18.259488
2.100580 66.114164 834.560440 3.464591 18.260876
2.100580 66.114164 834.560440 3.464591 18.262265
2.100580 66.114164 834.560440 3.464591 18.263654
2.100580 66.114164 834.560440 3.464591 18.265043
2.100580 66.114164 834.560440 3.464591 18.266432
2.100580 66.114164 834.560440 3.464591 18.267821
2.100580 66.114164 834.560440 3.464591 18.269212
2.100580 66.114164 834.560440 3.464591 18.270601
2.251679 65.457875 834.532967 3.479853 18.271990
2.251679 65.457875 834.532967 3.479853 18.273379
2.251679 65.457875 834.532967 3.479853 18.274768
2.251679 65.457875 834.532967 3.479853 18.276157
2.251679 65.457875 834.532967 3.479853 18.277546
2.251679 65.457875 834.532967 3.479853 18.278935
2.251679 65.457875 834.532967 3.479853 18.280323
2.251679 65.457875 834.532967 3.479853 18.281712
2.251679 65.457875 834.532967 3.479853 18.283101
2.251679 65.457875 834.532967 3.479853 18.284490
2.251679 65.457875 834.532967 3.479853 18.285879
2.251679 65.457875 834.532967 3.479853 18.287268
2.379274 64.737485 834.519231 3.464591 18.288657
2.379274 64.737485 834.519231 3.464591 18.290046
2.379274 64.737485 834.519231 3.464591 18.291435
2.379274 64.737485 834.519231 3.464591 18.292823
2.379274 64.737485 834.519231 3.464591 18.294212
2.379274 64.737485 834.519231 3.464591 18.295601
2.379274 64.737485 834.519231 3.464591 18.296990
2.379274 64.737485 834.519231 3.464591 18.298379
2.379274 64.737485 834.519231 3.464591 18.299768
2.379274 64.737485 834.519231 3.464591 18.301157
2.379274 64.737485 834.519231 3.464591 18.302546
2.379274 64.737485 834.519231 3.464591 18.303935
2.510226 64.068987 834.505495 3.464591 18.305324
2.510226 64.068987 834.505495 3.464591 18.306713
2.510226 64.068987 834.505495 3.464591 18.308101
2.510226 64.068987 834.505495 3.464591 18.309490
2.510226 64.068987 834.505495 3.464591 18.310879
2.510226 64.068987 834.505495 3.464591 18.312268
