0.465354 72.054335 834.752747 3.296703 18.107667
0.465354 72.054335 834.752747 3.296703 18.109059
0.465354 72.054335 834.752747 3.296703 18.110448
0.465354 72.054335 834.752747 3.296703 18.111837
0.465354 72.054335 834.752747 3.296703 18.113226
0.465354 72.054335 834.752747 3.296703 18.114615
0.465354 72.054335 834.752747 3.296703 18.116004
0.465354 72.054335 834.752747 3.296703 18.117393
0.465354 72.054335 834.752747 3.296703 18.118781
0.465354 72.054335 834.752747 3.296703 18.120170
0.465354 72.054335 834.752747 3.296703 18.121559
0.697039 71.358364 834.739011 3.311966 18.122948
0.697039 71.358364 834.739011 3.311966 18.124337
